"temp","mpPhase","mpLiqPhase","vtkGhostType","vtkValidPointMask","arc_length","Points:0","Points:1","Points:2"
468.88,0,0,0,1,0,0,0.0004,0.000345
468.88,0,0,0,1,2.6e-06,2.6e-06,0.0004,0.000345
468.95,0,0,0,1,5.2e-06,5.2e-06,0.0004,0.000345
469.9,0,0,0,1,7.8e-06,7.8e-06,0.0004,0.000345
470.84,0,0,0,1,1.04e-05,1.04e-05,0.0004,0.000345
471.78,0,0,0,1,1.3e-05,1.3e-05,0.0004,0.000345
472.93,0,0,0,1,1.56e-05,1.56e-05,0.0004,0.000345
474.8,0,0,0,1,1.82e-05,1.82e-05,0.0004,0.000345
476.67,0,0,0,1,2.08e-05,2.08e-05,0.0004,0.000345
478.54,0,0,0,1,2.34e-05,2.34e-05,0.0004,0.000345
480.76,0,0,0,1,2.6e-05,2.6e-05,0.0004,0.000345
483.54,0,0,0,1,2.86e-05,2.86e-05,0.0004,0.000345
486.33,0,0,0,1,3.12e-05,3.12e-05,0.0004,0.000345
489.11,0,0,0,1,3.38e-05,3.38e-05,0.0004,0.000345
492.39,0,0,0,1,3.64e-05,3.64e-05,0.0004,0.000345
496.07,0,0,0,1,3.9e-05,3.9e-05,0.0004,0.000345
499.76,0,0,0,1,4.16e-05,4.16e-05,0.0004,0.000345
503.45,0,0,0,1,4.42e-05,4.42e-05,0.0004,0.000345
507.75,0,0,0,1,4.68e-05,4.68e-05,0.0004,0.000345
512.31,0,0,0,1,4.94e-05,4.94e-05,0.0004,0.000345
516.88,0,0,0,1,5.2e-05,5.2e-05,0.0004,0.000345
521.45,0,0,0,1,5.46e-05,5.46e-05,0.0004,0.000345
526.74,0,0,0,1,5.72e-05,5.72e-05,0.0004,0.000345
532.16,0,0,0,1,5.98e-05,5.98e-05,0.0004,0.000345
537.58,0,0,0,1,6.24e-05,6.24e-05,0.0004,0.000345
543,0,0,0,1,6.5e-05,6.5e-05,0.0004,0.000345
549.23,0,0,0,1,6.76e-05,6.76e-05,0.0004,0.000345
555.47,0,0,0,1,7.02e-05,7.02e-05,0.0004,0.000345
561.71,0,0,0,1,7.28e-05,7.28e-05,0.0004,0.000345
568.06,0,0,0,1,7.54e-05,7.54e-05,0.0004,0.000345
575.07,0,0,0,1,7.8e-05,7.8e-05,0.0004,0.000345
582.07,0,0,0,1,8.06e-05,8.06e-05,0.0004,0.000345
589.08,0,0,0,1,8.32e-05,8.32e-05,0.0004,0.000345
596.3,0,0,0,1,8.58e-05,8.58e-05,0.0004,0.000345
604.02,0,0,0,1,8.84e-05,8.84e-05,0.0004,0.000345
611.75,0,0,0,1,9.1e-05,9.1e-05,0.0004,0.000345
619.47,0,0,0,1,9.36e-05,9.36e-05,0.0004,0.000345
627.49,0,0,0,1,9.62e-05,9.62e-05,0.0004,0.000345
635.86,0,0,0,1,9.88e-05,9.88e-05,0.0004,0.000345
644.24,0,0,0,1,0.0001014,0.0001014,0.0004,0.000345
652.61,0,0,0,1,0.000104,0.000104,0.0004,0.000345
661.34,0,0,0,1,0.0001066,0.0001066,0.0004,0.000345
670.29,0,0,0,1,0.0001092,0.0001092,0.0004,0.000345
679.24,0,0,0,1,0.0001118,0.0001118,0.0004,0.000345
688.19,0,0,0,1,0.0001144,0.0001144,0.0004,0.000345
697.53,0,0,0,1,0.000117,0.000117,0.0004,0.000345
706.98,0,0,0,1,0.0001196,0.0001196,0.0004,0.000345
716.42,0,0,0,1,0.0001222,0.0001222,0.0004,0.000345
725.87,0,0,0,1,0.0001248,0.0001248,0.0004,0.000345
735.7,0,0,0,1,0.0001274,0.0001274,0.0004,0.000345
745.55,0,0,0,1,0.00013,0.00013,0.0004,0.000345
755.4,0,0,0,1,0.0001326,0.0001326,0.0004,0.000345
765.28,0,0,0,1,0.0001352,0.0001352,0.0004,0.000345
775.44,0,0,0,1,0.0001378,0.0001378,0.0004,0.000345
785.61,0,0,0,1,0.0001404,0.0001404,0.0004,0.000345
795.77,0,0,0,1,0.000143,0.000143,0.0004,0.000345
805.98,0,0,0,1,0.0001456,0.0001456,0.0004,0.000345
816.34,0,0,0,1,0.0001482,0.0001482,0.0004,0.000345
826.71,0,0,0,1,0.0001508,0.0001508,0.0004,0.000345
837.07,0,0,0,1,0.0001534,0.0001534,0.0004,0.000345
847.48,0,0,0,1,0.000156,0.000156,0.0004,0.000345
857.94,0,0,0,1,0.0001586,0.0001586,0.0004,0.000345
868.41,0,0,0,1,0.0001612,0.0001612,0.0004,0.000345
878.87,0,0,0,1,0.0001638,0.0001638,0.0004,0.000345
889.33,0,0,0,1,0.0001664,0.0001664,0.0004,0.000345
899.78,0,0,0,1,0.000169,0.000169,0.0004,0.000345
910.23,0,0,0,1,0.0001716,0.0001716,0.0004,0.000345
920.69,0,0,0,1,0.0001742,0.0001742,0.0004,0.000345
931.06,0,0,0,1,0.0001768,0.0001768,0.0004,0.000345
941.4,0,0,0,1,0.0001794,0.0001794,0.0004,0.000345
951.74,0,0,0,1,0.000182,0.000182,0.0004,0.000345
962.07,0,0,0,1,0.0001846,0.0001846,0.0004,0.000345
972.23,0.22,0,0,1,0.0001872,0.0001872,0.0004,0.000345
982.35,0.48,0,0,1,0.0001898,0.0001898,0.0004,0.000345
992.47,0.74,0,0,1,0.0001924,0.0001924,0.0004,0.000345
1002.6,1,0,0,1,0.000195,0.000195,0.0004,0.000345
1012.4,1,0.26,0,1,0.0001976,0.0001976,0.0004,0.000345
1022.2,1,0.52,0,1,0.0002002,0.0002002,0.0004,0.000345
1032,1,0.78,0,1,0.0002028,0.0002028,0.0004,0.000345
1041.8,1,1,0,1,0.0002054,0.0002054,0.0004,0.000345
1051.2,1,1,0,1,0.000208,0.000208,0.0004,0.000345
1060.7,1,1,0,1,0.0002106,0.0002106,0.0004,0.000345
1070.1,1,1,0,1,0.0002132,0.0002132,0.0004,0.000345
1079.4,1,1,0,1,0.0002158,0.0002158,0.0004,0.000345
1088.3,1,1,0,1,0.0002184,0.0002184,0.0004,0.000345
1097.3,1,1,0,1,0.000221,0.000221,0.0004,0.000345
1106.3,1,1,0,1,0.0002236,0.0002236,0.0004,0.000345
1115,1,1,0,1,0.0002262,0.0002262,0.0004,0.000345
1123.5,1,1,0,1,0.0002288,0.0002288,0.0004,0.000345
1132,1,1,0,1,0.0002314,0.0002314,0.0004,0.000345
1140.4,1,1,0,1,0.000234,0.000234,0.0004,0.000345
1148.6,1,1,0,1,0.0002366,0.0002366,0.0004,0.000345
1156.5,1,1,0,1,0.0002392,0.0002392,0.0004,0.000345
1164.4,1,1,0,1,0.0002418,0.0002418,0.0004,0.000345
1172.3,1,1,0,1,0.0002444,0.0002444,0.0004,0.000345
1179.8,1,1,0,1,0.000247,0.000247,0.0004,0.000345
1187.1,1,1,0,1,0.0002496,0.0002496,0.0004,0.000345
1194.5,1,1,0,1,0.0002522,0.0002522,0.0004,0.000345
1201.8,1,1,0,1,0.0002548,0.0002548,0.0004,0.000345
1208.7,1,1,0,1,0.0002574,0.0002574,0.0004,0.000345
1215.4,1,1,0,1,0.00026,0.00026,0.0004,0.000345
1222.2,1,1,0,1,0.0002626,0.0002626,0.0004,0.000345
1228.9,1,1,0,1,0.0002652,0.0002652,0.0004,0.000345
1235.1,1,1,0,1,0.0002678,0.0002678,0.0004,0.000345
1241.3,1,1,0,1,0.0002704,0.0002704,0.0004,0.000345
1247.5,1,1,0,1,0.000273,0.000273,0.0004,0.000345
1253.6,1,1,0,1,0.0002756,0.0002756,0.0004,0.000345
1259.2,1,1,0,1,0.0002782,0.0002782,0.0004,0.000345
1264.8,1,1,0,1,0.0002808,0.0002808,0.0004,0.000345
1270.5,1,1,0,1,0.0002834,0.0002834,0.0004,0.000345
1275.9,1,1,0,1,0.000286,0.000286,0.0004,0.000345
1281,1,1,0,1,0.0002886,0.0002886,0.0004,0.000345
1286.1,1,1,0,1,0.0002912,0.0002912,0.0004,0.000345
1291.1,1,1,0,1,0.0002938,0.0002938,0.0004,0.000345
1296,1,1,0,1,0.0002964,0.0002964,0.0004,0.000345
1300.5,1,1,0,1,0.000299,0.000299,0.0004,0.000345
1305.1,1,1,0,1,0.0003016,0.0003016,0.0004,0.000345
1309.7,1,1,0,1,0.0003042,0.0003042,0.0004,0.000345
1313.9,1,1,0,1,0.0003068,0.0003068,0.0004,0.000345
1318.1,1,1,0,1,0.0003094,0.0003094,0.0004,0.000345
1322.2,1,1,0,1,0.000312,0.000312,0.0004,0.000345
1326.3,1,1,0,1,0.0003146,0.0003146,0.0004,0.000345
1330,1,1,0,1,0.0003172,0.0003172,0.0004,0.000345
1333.7,1,1,0,1,0.0003198,0.0003198,0.0004,0.000345
1337.4,1,1,0,1,0.0003224,0.0003224,0.0004,0.000345
1341,1,1,0,1,0.000325,0.000325,0.0004,0.000345
1344.3,1,1,0,1,0.0003276,0.0003276,0.0004,0.000345
1347.6,1,1,0,1,0.0003302,0.0003302,0.0004,0.000345
1350.9,1,1,0,1,0.0003328,0.0003328,0.0004,0.000345
1354.1,1,1,0,1,0.0003354,0.0003354,0.0004,0.000345
1357.1,1,1,0,1,0.000338,0.000338,0.0004,0.000345
1360,1,1,0,1,0.0003406,0.0003406,0.0004,0.000345
1363,1,1,0,1,0.0003432,0.0003432,0.0004,0.000345
1365.8,1,1,0,1,0.0003458,0.0003458,0.0004,0.000345
1368.4,1,1,0,1,0.0003484,0.0003484,0.0004,0.000345
1371.1,1,1,0,1,0.000351,0.000351,0.0004,0.000345
1373.7,1,1,0,1,0.0003536,0.0003536,0.0004,0.000345
1376.2,1,1,0,1,0.0003562,0.0003562,0.0004,0.000345
1378.6,1,1,0,1,0.0003588,0.0003588,0.0004,0.000345
1381,1,1,0,1,0.0003614,0.0003614,0.0004,0.000345
1383.4,1,1,0,1,0.000364,0.000364,0.0004,0.000345
1385.6,1,1,0,1,0.0003666,0.0003666,0.0004,0.000345
1387.8,1,1,0,1,0.0003692,0.0003692,0.0004,0.000345
1389.9,1,1,0,1,0.0003718,0.0003718,0.0004,0.000345
1392.1,1,1,0,1,0.0003744,0.0003744,0.0004,0.000345
1394.1,1,1,0,1,0.000377,0.000377,0.0004,0.000345
1396.1,1,1,0,1,0.0003796,0.0003796,0.0004,0.000345
1398.1,1,1,0,1,0.0003822,0.0003822,0.0004,0.000345
1400,1,1,0,1,0.0003848,0.0003848,0.0004,0.000345
1401.8,1,1,0,1,0.0003874,0.0003874,0.0004,0.000345
1403.7,1,1,0,1,0.00039,0.00039,0.0004,0.000345
1405.5,1,1,0,1,0.0003926,0.0003926,0.0004,0.000345
1407.3,1,1,0,1,0.0003952,0.0003952,0.0004,0.000345
1409,1,1,0,1,0.0003978,0.0003978,0.0004,0.000345
1410.6,1,1,0,1,0.0004004,0.0004004,0.0004,0.000345
1412.3,1,1,0,1,0.000403,0.000403,0.0004,0.000345
1414,1,1,0,1,0.0004056,0.0004056,0.0004,0.000345
1415.6,1,1,0,1,0.0004082,0.0004082,0.0004,0.000345
1417.2,1,1,0,1,0.0004108,0.0004108,0.0004,0.000345
1418.7,1,1,0,1,0.0004134,0.0004134,0.0004,0.000345
1420.3,1,1,0,1,0.000416,0.000416,0.0004,0.000345
1421.8,1,1,0,1,0.0004186,0.0004186,0.0004,0.000345
1423.3,1,1,0,1,0.0004212,0.0004212,0.0004,0.000345
1424.8,1,1,0,1,0.0004238,0.0004238,0.0004,0.000345
1426.2,1,1,0,1,0.0004264,0.0004264,0.0004,0.000345
1427.7,1,1,0,1,0.000429,0.000429,0.0004,0.000345
1429.1,1,1,0,1,0.0004316,0.0004316,0.0004,0.000345
1430.5,1,1,0,1,0.0004342,0.0004342,0.0004,0.000345
1431.9,1,1,0,1,0.0004368,0.0004368,0.0004,0.000345
1433.3,1,1,0,1,0.0004394,0.0004394,0.0004,0.000345
1434.7,1,1,0,1,0.000442,0.000442,0.0004,0.000345
1436.1,1,1,0,1,0.0004446,0.0004446,0.0004,0.000345
1437.4,1,1,0,1,0.0004472,0.0004472,0.0004,0.000345
1438.8,1,1,0,1,0.0004498,0.0004498,0.0004,0.000345
1440.1,1,1,0,1,0.0004524,0.0004524,0.0004,0.000345
1441.5,1,1,0,1,0.000455,0.000455,0.0004,0.000345
1442.8,1,1,0,1,0.0004576,0.0004576,0.0004,0.000345
1444.1,1,1,0,1,0.0004602,0.0004602,0.0004,0.000345
1445.4,1,1,0,1,0.0004628,0.0004628,0.0004,0.000345
1446.8,1,1,0,1,0.0004654,0.0004654,0.0004,0.000345
1448.1,1,1,0,1,0.000468,0.000468,0.0004,0.000345
1449.4,1,1,0,1,0.0004706,0.0004706,0.0004,0.000345
1450.7,1,1,0,1,0.0004732,0.0004732,0.0004,0.000345
1452,1,1,0,1,0.0004758,0.0004758,0.0004,0.000345
1453.2,1,1,0,1,0.0004784,0.0004784,0.0004,0.000345
1454.5,1,1,0,1,0.000481,0.000481,0.0004,0.000345
1455.8,1,1,0,1,0.0004836,0.0004836,0.0004,0.000345
1457.1,1,1,0,1,0.0004862,0.0004862,0.0004,0.000345
1458.4,1,1,0,1,0.0004888,0.0004888,0.0004,0.000345
1459.7,1,1,0,1,0.0004914,0.0004914,0.0004,0.000345
1461,1,1,0,1,0.000494,0.000494,0.0004,0.000345
1462.2,1,1,0,1,0.0004966,0.0004966,0.0004,0.000345
1463.5,1,1,0,1,0.0004992,0.0004992,0.0004,0.000345
1464.8,1,1,0,1,0.0005018,0.0005018,0.0004,0.000345
1466.1,1,1,0,1,0.0005044,0.0005044,0.0004,0.000345
1467.4,1,1,0,1,0.000507,0.000507,0.0004,0.000345
1468.7,1,1,0,1,0.0005096,0.0005096,0.0004,0.000345
1469.9,1,1,0,1,0.0005122,0.0005122,0.0004,0.000345
1471.2,1,1,0,1,0.0005148,0.0005148,0.0004,0.000345
1472.5,1,1,0,1,0.0005174,0.0005174,0.0004,0.000345
1473.8,1,1,0,1,0.00052,0.00052,0.0004,0.000345
1475.1,1,1,0,1,0.0005226,0.0005226,0.0004,0.000345
1476.4,1,1,0,1,0.0005252,0.0005252,0.0004,0.000345
1477.7,1,1,0,1,0.0005278,0.0005278,0.0004,0.000345
1479,1,1,0,1,0.0005304,0.0005304,0.0004,0.000345
1480.3,1,1,0,1,0.000533,0.000533,0.0004,0.000345
1481.6,1,1,0,1,0.0005356,0.0005356,0.0004,0.000345
1482.9,1,1,0,1,0.0005382,0.0005382,0.0004,0.000345
1484.2,1,1,0,1,0.0005408,0.0005408,0.0004,0.000345
1485.5,1,1,0,1,0.0005434,0.0005434,0.0004,0.000345
1486.8,1,1,0,1,0.000546,0.000546,0.0004,0.000345
1488.1,1,1,0,1,0.0005486,0.0005486,0.0004,0.000345
1489.4,1,1,0,1,0.0005512,0.0005512,0.0004,0.000345
1490.8,1,1,0,1,0.0005538,0.0005538,0.0004,0.000345
1492.1,1,1,0,1,0.0005564,0.0005564,0.0004,0.000345
1493.4,1,1,0,1,0.000559,0.000559,0.0004,0.000345
1494.8,1,1,0,1,0.0005616,0.0005616,0.0004,0.000345
1496.1,1,1,0,1,0.0005642,0.0005642,0.0004,0.000345
1497.4,1,1,0,1,0.0005668,0.0005668,0.0004,0.000345
1498.8,1,1,0,1,0.0005694,0.0005694,0.0004,0.000345
1500.1,1,1,0,1,0.000572,0.000572,0.0004,0.000345
1501.5,1,1,0,1,0.0005746,0.0005746,0.0004,0.000345
1502.8,1,1,0,1,0.0005772,0.0005772,0.0004,0.000345
1504.2,1,1,0,1,0.0005798,0.0005798,0.0004,0.000345
1505.5,1,1,0,1,0.0005824,0.0005824,0.0004,0.000345
1506.9,1,1,0,1,0.000585,0.000585,0.0004,0.000345
1508.3,1,1,0,1,0.0005876,0.0005876,0.0004,0.000345
1509.6,1,1,0,1,0.0005902,0.0005902,0.0004,0.000345
1511,1,1,0,1,0.0005928,0.0005928,0.0004,0.000345
1512.4,1,1,0,1,0.0005954,0.0005954,0.0004,0.000345
1513.8,1,1,0,1,0.000598,0.000598,0.0004,0.000345
1515.2,1,1,0,1,0.0006006,0.0006006,0.0004,0.000345
1516.5,1,1,0,1,0.0006032,0.0006032,0.0004,0.000345
1517.9,1,1,0,1,0.0006058,0.0006058,0.0004,0.000345
1519.3,1,1,0,1,0.0006084,0.0006084,0.0004,0.000345
1520.7,1,1,0,1,0.000611,0.000611,0.0004,0.000345
1522.1,1,1,0,1,0.0006136,0.0006136,0.0004,0.000345
1523.5,1,1,0,1,0.0006162,0.0006162,0.0004,0.000345
1525,1,1,0,1,0.0006188,0.0006188,0.0004,0.000345
1526.4,1,1,0,1,0.0006214,0.0006214,0.0004,0.000345
1527.8,1,1,0,1,0.000624,0.000624,0.0004,0.000345
1529.2,1,1,0,1,0.0006266,0.0006266,0.0004,0.000345
1530.6,1,1,0,1,0.0006292,0.0006292,0.0004,0.000345
1532.1,1,1,0,1,0.0006318,0.0006318,0.0004,0.000345
1533.5,1,1,0,1,0.0006344,0.0006344,0.0004,0.000345
1534.9,1,1,0,1,0.000637,0.000637,0.0004,0.000345
1536.4,1,1,0,1,0.0006396,0.0006396,0.0004,0.000345
1537.8,1,1,0,1,0.0006422,0.0006422,0.0004,0.000345
1539.2,1,1,0,1,0.0006448,0.0006448,0.0004,0.000345
1540.7,1,1,0,1,0.0006474,0.0006474,0.0004,0.000345
1542.2,1,1,0,1,0.00065,0.00065,0.0004,0.000345
1543.6,1,1,0,1,0.0006526,0.0006526,0.0004,0.000345
1545.1,1,1,0,1,0.0006552,0.0006552,0.0004,0.000345
1546.5,1,1,0,1,0.0006578,0.0006578,0.0004,0.000345
1548,1,1,0,1,0.0006604,0.0006604,0.0004,0.000345
1549.5,1,1,0,1,0.000663,0.000663,0.0004,0.000345
1550.9,1,1,0,1,0.0006656,0.0006656,0.0004,0.000345
1552.4,1,1,0,1,0.0006682,0.0006682,0.0004,0.000345
1553.9,1,1,0,1,0.0006708,0.0006708,0.0004,0.000345
1555.4,1,1,0,1,0.0006734,0.0006734,0.0004,0.000345
1556.8,1,1,0,1,0.000676,0.000676,0.0004,0.000345
1558.3,1,1,0,1,0.0006786,0.0006786,0.0004,0.000345
1559.8,1,1,0,1,0.0006812,0.0006812,0.0004,0.000345
1561.3,1,1,0,1,0.0006838,0.0006838,0.0004,0.000345
1562.8,1,1,0,1,0.0006864,0.0006864,0.0004,0.000345
1564.3,1,1,0,1,0.000689,0.000689,0.0004,0.000345
1565.8,1,1,0,1,0.0006916,0.0006916,0.0004,0.000345
1567.3,1,1,0,1,0.0006942,0.0006942,0.0004,0.000345
1568.7,1,1,0,1,0.0006968,0.0006968,0.0004,0.000345
1570.2,1,1,0,1,0.0006994,0.0006994,0.0004,0.000345
1571.7,1,1,0,1,0.000702,0.000702,0.0004,0.000345
1573.2,1,1,0,1,0.0007046,0.0007046,0.0004,0.000345
1574.7,1,1,0,1,0.0007072,0.0007072,0.0004,0.000345
1576.2,1,1,0,1,0.0007098,0.0007098,0.0004,0.000345
1577.8,1,1,0,1,0.0007124,0.0007124,0.0004,0.000345
1579.3,1,1,0,1,0.000715,0.000715,0.0004,0.000345
1580.8,1,1,0,1,0.0007176,0.0007176,0.0004,0.000345
1582.3,1,1,0,1,0.0007202,0.0007202,0.0004,0.000345
1583.8,1,1,0,1,0.0007228,0.0007228,0.0004,0.000345
1585.4,1,1,0,1,0.0007254,0.0007254,0.0004,0.000345
1586.9,1,1,0,1,0.000728,0.000728,0.0004,0.000345
1588.4,1,1,0,1,0.0007306,0.0007306,0.0004,0.000345
1589.9,1,1,0,1,0.0007332,0.0007332,0.0004,0.000345
1591.5,1,1,0,1,0.0007358,0.0007358,0.0004,0.000345
1593,1,1,0,1,0.0007384,0.0007384,0.0004,0.000345
1594.5,1,1,0,1,0.000741,0.000741,0.0004,0.000345
1596,1,1,0,1,0.0007436,0.0007436,0.0004,0.000345
1597.5,1,1,0,1,0.0007462,0.0007462,0.0004,0.000345
1599,1,1,0,1,0.0007488,0.0007488,0.0004,0.000345
1600.5,1,1,0,1,0.0007514,0.0007514,0.0004,0.000345
1602,1,1,0,1,0.000754,0.000754,0.0004,0.000345
1603.4,1,1,0,1,0.0007566,0.0007566,0.0004,0.000345
1604.9,1,1,0,1,0.0007592,0.0007592,0.0004,0.000345
1606.3,1,1,0,1,0.0007618,0.0007618,0.0004,0.000345
1607.8,1,1,0,1,0.0007644,0.0007644,0.0004,0.000345
1609.1,1,1,0,1,0.000767,0.000767,0.0004,0.000345
1610.4,1,1,0,1,0.0007696,0.0007696,0.0004,0.000345
1611.7,1,1,0,1,0.0007722,0.0007722,0.0004,0.000345
1613.1,1,1,0,1,0.0007748,0.0007748,0.0004,0.000345
1614.4,1,1,0,1,0.0007774,0.0007774,0.0004,0.000345
1615.7,1,1,0,1,0.00078,0.00078,0.0004,0.000345
1617,1,1,0,1,0.0007826,0.0007826,0.0004,0.000345
1618.4,1,1,0,1,0.0007852,0.0007852,0.0004,0.000345
1619.7,1,1,0,1,0.0007878,0.0007878,0.0004,0.000345
1621.1,1,1,0,1,0.0007904,0.0007904,0.0004,0.000345
1622.5,1,1,0,1,0.000793,0.000793,0.0004,0.000345
1623.9,1,1,0,1,0.0007956,0.0007956,0.0004,0.000345
1625.5,1,1,0,1,0.0007982,0.0007982,0.0004,0.000345
1627,1,1,0,1,0.0008008,0.0008008,0.0004,0.000345
1628.6,1,1,0,1,0.0008034,0.0008034,0.0004,0.000345
1630.2,1,1,0,1,0.000806,0.000806,0.0004,0.000345
1631.8,1,1,0,1,0.0008086,0.0008086,0.0004,0.000345
1633.4,1,1,0,1,0.0008112,0.0008112,0.0004,0.000345
1635.1,1,1,0,1,0.0008138,0.0008138,0.0004,0.000345
1636.7,1,1,0,1,0.0008164,0.0008164,0.0004,0.000345
1638.4,1,1,0,1,0.000819,0.000819,0.0004,0.000345
1640,1,1,0,1,0.0008216,0.0008216,0.0004,0.000345
1641.7,1,1,0,1,0.0008242,0.0008242,0.0004,0.000345
1643.3,1,1,0,1,0.0008268,0.0008268,0.0004,0.000345
1645,1,1,0,1,0.0008294,0.0008294,0.0004,0.000345
1646.7,1,1,0,1,0.000832,0.000832,0.0004,0.000345
1648.4,1,1,0,1,0.0008346,0.0008346,0.0004,0.000345
1650.2,1,1,0,1,0.0008372,0.0008372,0.0004,0.000345
1651.9,1,1,0,1,0.0008398,0.0008398,0.0004,0.000345
1653.7,1,1,0,1,0.0008424,0.0008424,0.0004,0.000345
1655.5,1,1,0,1,0.000845,0.000845,0.0004,0.000345
1657.3,1,1,0,1,0.0008476,0.0008476,0.0004,0.000345
1659.2,1,1,0,1,0.0008502,0.0008502,0.0004,0.000345
1661.1,1,1,0,1,0.0008528,0.0008528,0.0004,0.000345
1663,1,1,0,1,0.0008554,0.0008554,0.0004,0.000345
1665,1,1,0,1,0.000858,0.000858,0.0004,0.000345
1666.9,1,1,0,1,0.0008606,0.0008606,0.0004,0.000345
1668.9,1,1,0,1,0.0008632,0.0008632,0.0004,0.000345
1670.9,1,1,0,1,0.0008658,0.0008658,0.0004,0.000345
1672.9,1,1,0,1,0.0008684,0.0008684,0.0004,0.000345
1674.9,1,1,0,1,0.000871,0.000871,0.0004,0.000345
1676.9,1,1,0,1,0.0008736,0.0008736,0.0004,0.000345
1678.9,1,1,0,1,0.0008762,0.0008762,0.0004,0.000345
1681,1,1,0,1,0.0008788,0.0008788,0.0004,0.000345
1683,1,1,0,1,0.0008814,0.0008814,0.0004,0.000345
1685.1,1,1,0,1,0.000884,0.000884,0.0004,0.000345
1687.2,1,1,0,1,0.0008866,0.0008866,0.0004,0.000345
1689.3,1,1,0,1,0.0008892,0.0008892,0.0004,0.000345
1691.4,1,1,0,1,0.0008918,0.0008918,0.0004,0.000345
1693.6,1,1,0,1,0.0008944,0.0008944,0.0004,0.000345
1695.7,1,1,0,1,0.000897,0.000897,0.0004,0.000345
1698,1,1,0,1,0.0008996,0.0008996,0.0004,0.000345
1700.2,1,1,0,1,0.0009022,0.0009022,0.0004,0.000345
1702.4,1,1,0,1,0.0009048,0.0009048,0.0004,0.000345
1704.7,1,1,0,1,0.0009074,0.0009074,0.0004,0.000345
1707,1,1,0,1,0.00091,0.00091,0.0004,0.000345
1709.3,1,1,0,1,0.0009126,0.0009126,0.0004,0.000345
1711.6,1,1,0,1,0.0009152,0.0009152,0.0004,0.000345
1714,1,1,0,1,0.0009178,0.0009178,0.0004,0.000345
1716.5,1,1,0,1,0.0009204,0.0009204,0.0004,0.000345
1718.9,1,1,0,1,0.000923,0.000923,0.0004,0.000345
1721.3,1,1,0,1,0.0009256,0.0009256,0.0004,0.000345
1723.9,1,1,0,1,0.0009282,0.0009282,0.0004,0.000345
1726.4,1,1,0,1,0.0009308,0.0009308,0.0004,0.000345
1728.9,1,1,0,1,0.0009334,0.0009334,0.0004,0.000345
1731.5,1,1,0,1,0.000936,0.000936,0.0004,0.000345
1734.1,1,1,0,1,0.0009386,0.0009386,0.0004,0.000345
1736.7,1,1,0,1,0.0009412,0.0009412,0.0004,0.000345
1739.3,1,1,0,1,0.0009438,0.0009438,0.0004,0.000345
1741.9,1,1,0,1,0.0009464,0.0009464,0.0004,0.000345
1744.6,1,1,0,1,0.000949,0.000949,0.0004,0.000345
1747.3,1,1,0,1,0.0009516,0.0009516,0.0004,0.000345
1749.9,1,1,0,1,0.0009542,0.0009542,0.0004,0.000345
1752.7,1,1,0,1,0.0009568,0.0009568,0.0004,0.000345
1755.4,1,1,0,1,0.0009594,0.0009594,0.0004,0.000345
1758.2,1,1,0,1,0.000962,0.000962,0.0004,0.000345
1760.9,1,1,0,1,0.0009646,0.0009646,0.0004,0.000345
1763.7,1,1,0,1,0.0009672,0.0009672,0.0004,0.000345
1766.6,1,1,0,1,0.0009698,0.0009698,0.0004,0.000345
1769.4,1,1,0,1,0.0009724,0.0009724,0.0004,0.000345
1772.2,1,1,0,1,0.000975,0.000975,0.0004,0.000345
1775.1,1,1,0,1,0.0009776,0.0009776,0.0004,0.000345
1778,1,1,0,1,0.0009802,0.0009802,0.0004,0.000345
1781,1,1,0,1,0.0009828,0.0009828,0.0004,0.000345
1783.9,1,1,0,1,0.0009854,0.0009854,0.0004,0.000345
1786.9,1,1,0,1,0.000988,0.000988,0.0004,0.000345
1789.9,1,1,0,1,0.0009906,0.0009906,0.0004,0.000345
1792.9,1,1,0,1,0.0009932,0.0009932,0.0004,0.000345
1795.9,1,1,0,1,0.0009958,0.0009958,0.0004,0.000345
1799,1,1,0,1,0.0009984,0.0009984,0.0004,0.000345
1802.1,1,1,0,1,0.001001,0.001001,0.0004,0.000345
1805.2,1,1,0,1,0.0010036,0.0010036,0.0004,0.000345
1808.3,1,1,0,1,0.0010062,0.0010062,0.0004,0.000345
1811.5,1,1,0,1,0.0010088,0.0010088,0.0004,0.000345
1814.7,1,1,0,1,0.0010114,0.0010114,0.0004,0.000345
1817.8,1,1,0,1,0.001014,0.001014,0.0004,0.000345
1821.1,1,1,0,1,0.0010166,0.0010166,0.0004,0.000345
1824.3,1,1,0,1,0.0010192,0.0010192,0.0004,0.000345
1827.6,1,1,0,1,0.0010218,0.0010218,0.0004,0.000345
1830.9,1,1,0,1,0.0010244,0.0010244,0.0004,0.000345
1834.2,1,1,0,1,0.001027,0.001027,0.0004,0.000345
1837.5,1,1,0,1,0.0010296,0.0010296,0.0004,0.000345
1840.9,1,1,0,1,0.0010322,0.0010322,0.0004,0.000345
1844.2,1,1,0,1,0.0010348,0.0010348,0.0004,0.000345
1847.6,1,1,0,1,0.0010374,0.0010374,0.0004,0.000345
1851,1,1,0,1,0.00104,0.00104,0.0004,0.000345
1854.3,1,1,0,1,0.0010426,0.0010426,0.0004,0.000345
1857.7,1,1,0,1,0.0010452,0.0010452,0.0004,0.000345
1861.1,1,1,0,1,0.0010478,0.0010478,0.0004,0.000345
1864.5,1,1,0,1,0.0010504,0.0010504,0.0004,0.000345
1867.8,1,1,0,1,0.001053,0.001053,0.0004,0.000345
1871.2,1,1,0,1,0.0010556,0.0010556,0.0004,0.000345
1874.5,1,1,0,1,0.0010582,0.0010582,0.0004,0.000345
1877.7,1,1,0,1,0.0010608,0.0010608,0.0004,0.000345
1881,1,1,0,1,0.0010634,0.0010634,0.0004,0.000345
1884.2,1,1,0,1,0.001066,0.001066,0.0004,0.000345
1887.2,1,1,0,1,0.0010686,0.0010686,0.0004,0.000345
1890.3,1,1,0,1,0.0010712,0.0010712,0.0004,0.000345
1893.3,1,1,0,1,0.0010738,0.0010738,0.0004,0.000345
1896.1,1,1,0,1,0.0010764,0.0010764,0.0004,0.000345
1898.8,1,1,0,1,0.001079,0.001079,0.0004,0.000345
1901.4,1,1,0,1,0.0010816,0.0010816,0.0004,0.000345
1904,1,1,0,1,0.0010842,0.0010842,0.0004,0.000345
1906.2,1,1,0,1,0.0010868,0.0010868,0.0004,0.000345
1908.1,1,1,0,1,0.0010894,0.0010894,0.0004,0.000345
1910.1,1,1,0,1,0.001092,0.001092,0.0004,0.000345
1912.1,1,1,0,1,0.0010946,0.0010946,0.0004,0.000345
1913.2,1,1,0,1,0.0010972,0.0010972,0.0004,0.000345
1914.3,1,1,0,1,0.0010998,0.0010998,0.0004,0.000345
1915.3,1,1,0,1,0.0011024,0.0011024,0.0004,0.000345
1916.4,1,1,0,1,0.001105,0.001105,0.0004,0.000345
1916,1,1,0,1,0.0011076,0.0011076,0.0004,0.000345
1915.6,1,1,0,1,0.0011102,0.0011102,0.0004,0.000345
1915.2,1,1,0,1,0.0011128,0.0011128,0.0004,0.000345
1914.5,1,1,0,1,0.0011154,0.0011154,0.0004,0.000345
1912.1,1,1,0,1,0.001118,0.001118,0.0004,0.000345
1909.7,1,1,0,1,0.0011206,0.0011206,0.0004,0.000345
1907.3,1,1,0,1,0.0011232,0.0011232,0.0004,0.000345
1904.1,1,1,0,1,0.0011258,0.0011258,0.0004,0.000345
1899.2,1,1,0,1,0.0011284,0.0011284,0.0004,0.000345
1894.2,1,1,0,1,0.001131,0.001131,0.0004,0.000345
1889.3,1,1,0,1,0.0011336,0.0011336,0.0004,0.000345
1882.9,1,1,0,1,0.0011362,0.0011362,0.0004,0.000345
1874.8,1,1,0,1,0.0011388,0.0011388,0.0004,0.000345
1866.8,1,1,0,1,0.0011414,0.0011414,0.0004,0.000345
1858.7,1,1,0,1,0.001144,0.001144,0.0004,0.000345
1848.5,1,1,0,1,0.0011466,0.0011466,0.0004,0.000345
1836.8,1,1,0,1,0.0011492,0.0011492,0.0004,0.000345
1825.2,1,1,0,1,0.0011518,0.0011518,0.0004,0.000345
1813.6,1,1,0,1,0.0011544,0.0011544,0.0004,0.000345
1799,1,1,0,1,0.001157,0.001157,0.0004,0.000345
1783.5,1,1,0,1,0.0011596,0.0011596,0.0004,0.000345
1768,1,1,0,1,0.0011622,0.0011622,0.0004,0.000345
1752.5,1,1,0,1,0.0011648,0.0011648,0.0004,0.000345
1733.3,1,1,0,1,0.0011674,0.0011674,0.0004,0.000345
1713.9,1,1,0,1,0.00117,0.00117,0.0004,0.000345
1694.4,1,1,0,1,0.0011726,0.0011726,0.0004,0.000345
1674.5,1,0.98,0,1,0.0011752,0.0011752,0.0004,0.000345
1649.1,1,0.72,0,1,0.0011778,0.0011778,0.0004,0.000345
1623.8,1,0.46,0,1,0.0011804,0.0011804,0.0004,0.000345
1598.4,1,0.2,0,1,0.001183,0.001183,0.0004,0.000345
1572,0.94001,0,0,1,0.0011856,0.0011856,0.0004,0.000345
1541.8,0.68,0,0,1,0.0011882,0.0011882,0.0004,0.000345
1511.7,0.42,0,0,1,0.0011908,0.0011908,0.0004,0.000345
1481.5,0.16,0,0,1,0.0011934,0.0011934,0.0004,0.000345
1450.8,0,0,0,1,0.001196,0.001196,0.0004,0.000345
1419.2,0,0,0,1,0.0011986,0.0011986,0.0004,0.000345
1387.6,0,0,0,1,0.0012012,0.0012012,0.0004,0.000345
1356.1,0,0,0,1,0.0012038,0.0012038,0.0004,0.000345
1323.8,0,0,0,1,0.0012064,0.0012064,0.0004,0.000345
1291.1,0,0,0,1,0.001209,0.001209,0.0004,0.000345
1258.4,0,0,0,1,0.0012116,0.0012116,0.0004,0.000345
1225.7,0,0,0,1,0.0012142,0.0012142,0.0004,0.000345
1192.8,0,0,0,1,0.0012168,0.0012168,0.0004,0.000345
1159.9,0,0,0,1,0.0012194,0.0012194,0.0004,0.000345
1127.1,0,0,0,1,0.001222,0.001222,0.0004,0.000345
1094.2,0,0,0,1,0.0012246,0.0012246,0.0004,0.000345
1062.1,0,0,0,1,0.0012272,0.0012272,0.0004,0.000345
1030.2,0,0,0,1,0.0012298,0.0012298,0.0004,0.000345
998.35,0,0,0,1,0.0012324,0.0012324,0.0004,0.000345
966.46,0,0,0,1,0.001235,0.001235,0.0004,0.000345
936.61,0,0,0,1,0.0012376,0.0012376,0.0004,0.000345
906.76,0,0,0,1,0.0012402,0.0012402,0.0004,0.000345
876.92,0,0,0,1,0.0012428,0.0012428,0.0004,0.000345
847.51,0,0,0,1,0.0012454,0.0012454,0.0004,0.000345
820.55,0,0,0,1,0.001248,0.001248,0.0004,0.000345
793.59,0,0,0,1,0.0012506,0.0012506,0.0004,0.000345
766.64,0,0,0,1,0.0012532,0.0012532,0.0004,0.000345
740.74,0,0,0,1,0.0012558,0.0012558,0.0004,0.000345
717.23,0,0,0,1,0.0012584,0.0012584,0.0004,0.000345
693.73,0,0,0,1,0.001261,0.001261,0.0004,0.000345
670.22,0,0,0,1,0.0012636,0.0012636,0.0004,0.000345
648.43,0,0,0,1,0.0012662,0.0012662,0.0004,0.000345
628.65,0,0,0,1,0.0012688,0.0012688,0.0004,0.000345
608.86,0,0,0,1,0.0012714,0.0012714,0.0004,0.000345
589.07,0,0,0,1,0.001274,0.001274,0.0004,0.000345
571.56,0,0,0,1,0.0012766,0.0012766,0.0004,0.000345
555.48,0,0,0,1,0.0012792,0.0012792,0.0004,0.000345
539.39,0,0,0,1,0.0012818,0.0012818,0.0004,0.000345
523.31,0,0,0,1,0.0012844,0.0012844,0.0004,0.000345
509.88,0,0,0,1,0.001287,0.001287,0.0004,0.000345
497.25,0,0,0,1,0.0012896,0.0012896,0.0004,0.000345
484.62,0,0,0,1,0.0012922,0.0012922,0.0004,0.000345
472,0,0,0,1,0.0012948,0.0012948,0.0004,0.000345
462.18,0,0,0,1,0.0012974,0.0012974,0.0004,0.000345
452.61,0,0,0,1,0.0013,0.0013,0.0004,0.000345
443.03,0,0,0,1,0.0013026,0.0013026,0.0004,0.000345
433.65,0,0,0,1,0.0013052,0.0013052,0.0004,0.000345
426.63,0,0,0,1,0.0013078,0.0013078,0.0004,0.000345
419.62,0,0,0,1,0.0013104,0.0013104,0.0004,0.000345
412.6,0,0,0,1,0.001313,0.001313,0.0004,0.000345
406.06,0,0,0,1,0.0013156,0.0013156,0.0004,0.000345
401.09,0,0,0,1,0.0013182,0.0013182,0.0004,0.000345
396.13,0,0,0,1,0.0013208,0.0013208,0.0004,0.000345
391.16,0,0,0,1,0.0013234,0.0013234,0.0004,0.000345
386.8,0,0,0,1,0.001326,0.001326,0.0004,0.000345
383.4,0,0,0,1,0.0013286,0.0013286,0.0004,0.000345
380.01,0,0,0,1,0.0013312,0.0013312,0.0004,0.000345
376.61,0,0,0,1,0.0013338,0.0013338,0.0004,0.000345
373.84,0,0,0,1,0.0013364,0.0013364,0.0004,0.000345
371.59,0,0,0,1,0.001339,0.001339,0.0004,0.000345
369.35,0,0,0,1,0.0013416,0.0013416,0.0004,0.000345
367.1,0,0,0,1,0.0013442,0.0013442,0.0004,0.000345
365.42,0,0,0,1,0.0013468,0.0013468,0.0004,0.000345
363.99,0,0,0,1,0.0013494,0.0013494,0.0004,0.000345
362.55,0,0,0,1,0.001352,0.001352,0.0004,0.000345
361.12,0,0,0,1,0.0013546,0.0013546,0.0004,0.000345
360.15,0,0,0,1,0.0013572,0.0013572,0.0004,0.000345
359.27,0,0,0,1,0.0013598,0.0013598,0.0004,0.000345
358.38,0,0,0,1,0.0013624,0.0013624,0.0004,0.000345
357.5,0,0,0,1,0.001365,0.001365,0.0004,0.000345
356.97,0,0,0,1,0.0013676,0.0013676,0.0004,0.000345
356.44,0,0,0,1,0.0013702,0.0013702,0.0004,0.000345
355.91,0,0,0,1,0.0013728,0.0013728,0.0004,0.000345
355.42,0,0,0,1,0.0013754,0.0013754,0.0004,0.000345
355.11,0,0,0,1,0.001378,0.001378,0.0004,0.000345
354.81,0,0,0,1,0.0013806,0.0013806,0.0004,0.000345
354.5,0,0,0,1,0.0013832,0.0013832,0.0004,0.000345
354.24,0,0,0,1,0.0013858,0.0013858,0.0004,0.000345
354.07,0,0,0,1,0.0013884,0.0013884,0.0004,0.000345
353.9,0,0,0,1,0.001391,0.001391,0.0004,0.000345
353.73,0,0,0,1,0.0013936,0.0013936,0.0004,0.000345
353.59,0,0,0,1,0.0013962,0.0013962,0.0004,0.000345
353.5,0,0,0,1,0.0013988,0.0013988,0.0004,0.000345
353.41,0,0,0,1,0.0014014,0.0014014,0.0004,0.000345
353.32,0,0,0,1,0.001404,0.001404,0.0004,0.000345
353.25,0,0,0,1,0.0014066,0.0014066,0.0004,0.000345
353.2,0,0,0,1,0.0014092,0.0014092,0.0004,0.000345
353.15,0,0,0,1,0.0014118,0.0014118,0.0004,0.000345
353.1,0,0,0,1,0.0014144,0.0014144,0.0004,0.000345
353.07,0,0,0,1,0.001417,0.001417,0.0004,0.000345
353.05,0,0,0,1,0.0014196,0.0014196,0.0004,0.000345
353.02,0,0,0,1,0.0014222,0.0014222,0.0004,0.000345
352.99,0,0,0,1,0.0014248,0.0014248,0.0004,0.000345
352.98,0,0,0,1,0.0014274,0.0014274,0.0004,0.000345
352.96,0,0,0,1,0.00143,0.00143,0.0004,0.000345
352.95,0,0,0,1,0.0014326,0.0014326,0.0004,0.000345
352.93,0,0,0,1,0.0014352,0.0014352,0.0004,0.000345
352.93,0,0,0,1,0.0014378,0.0014378,0.0004,0.000345
352.92,0,0,0,1,0.0014404,0.0014404,0.0004,0.000345
352.91,0,0,0,1,0.001443,0.001443,0.0004,0.000345
352.9,0,0,0,1,0.0014456,0.0014456,0.0004,0.000345
352.89,0,0,0,1,0.0014482,0.0014482,0.0004,0.000345
352.89,0,0,0,1,0.0014508,0.0014508,0.0004,0.000345
352.88,0,0,0,1,0.0014534,0.0014534,0.0004,0.000345
352.87,0,0,0,1,0.001456,0.001456,0.0004,0.000345
352.87,0,0,0,1,0.0014586,0.0014586,0.0004,0.000345
352.86,0,0,0,1,0.0014612,0.0014612,0.0004,0.000345
352.85,0,0,0,1,0.0014638,0.0014638,0.0004,0.000345
352.85,0,0,0,1,0.0014664,0.0014664,0.0004,0.000345
352.84,0,0,0,1,0.001469,0.001469,0.0004,0.000345
352.84,0,0,0,1,0.0014716,0.0014716,0.0004,0.000345
352.83,0,0,0,1,0.0014742,0.0014742,0.0004,0.000345
352.83,0,0,0,1,0.0014768,0.0014768,0.0004,0.000345
352.82,0,0,0,1,0.0014794,0.0014794,0.0004,0.000345
352.82,0,0,0,1,0.001482,0.001482,0.0004,0.000345
352.81,0,0,0,1,0.0014846,0.0014846,0.0004,0.000345
352.81,0,0,0,1,0.0014872,0.0014872,0.0004,0.000345
352.81,0,0,0,1,0.0014898,0.0014898,0.0004,0.000345
352.81,0,0,0,1,0.0014924,0.0014924,0.0004,0.000345
352.8,0,0,0,1,0.001495,0.001495,0.0004,0.000345
352.8,0,0,0,1,0.0014976,0.0014976,0.0004,0.000345
352.8,0,0,0,1,0.0015002,0.0015002,0.0004,0.000345
352.8,0,0,0,1,0.0015028,0.0015028,0.0004,0.000345
352.8,0,0,0,1,0.0015054,0.0015054,0.0004,0.000345
352.81,0,0,0,1,0.001508,0.001508,0.0004,0.000345
352.81,0,0,0,1,0.0015106,0.0015106,0.0004,0.000345
352.81,0,0,0,1,0.0015132,0.0015132,0.0004,0.000345
352.81,0,0,0,1,0.0015158,0.0015158,0.0004,0.000345
352.82,0,0,0,1,0.0015184,0.0015184,0.0004,0.000345
352.82,0,0,0,1,0.001521,0.001521,0.0004,0.000345
352.82,0,0,0,1,0.0015236,0.0015236,0.0004,0.000345
352.83,0,0,0,1,0.0015262,0.0015262,0.0004,0.000345
352.83,0,0,0,1,0.0015288,0.0015288,0.0004,0.000345
352.84,0,0,0,1,0.0015314,0.0015314,0.0004,0.000345
352.84,0,0,0,1,0.001534,0.001534,0.0004,0.000345
352.85,0,0,0,1,0.0015366,0.0015366,0.0004,0.000345
352.85,0,0,0,1,0.0015392,0.0015392,0.0004,0.000345
352.86,0,0,0,1,0.0015418,0.0015418,0.0004,0.000345
352.86,0,0,0,1,0.0015444,0.0015444,0.0004,0.000345
352.86,0,0,0,1,0.001547,0.001547,0.0004,0.000345
352.87,0,0,0,1,0.0015496,0.0015496,0.0004,0.000345
352.87,0,0,0,1,0.0015522,0.0015522,0.0004,0.000345
352.87,0,0,0,1,0.0015548,0.0015548,0.0004,0.000345
352.88,0,0,0,1,0.0015574,0.0015574,0.0004,0.000345
352.88,0,0,0,1,0.00156,0.00156,0.0004,0.000345
352.88,0,0,0,1,0.0015626,0.0015626,0.0004,0.000345
352.88,0,0,0,1,0.0015652,0.0015652,0.0004,0.000345
352.88,0,0,0,1,0.0015678,0.0015678,0.0004,0.000345
352.88,0,0,0,1,0.0015704,0.0015704,0.0004,0.000345
352.89,0,0,0,1,0.001573,0.001573,0.0004,0.000345
352.89,0,0,0,1,0.0015756,0.0015756,0.0004,0.000345
352.89,0,0,0,1,0.0015782,0.0015782,0.0004,0.000345
352.89,0,0,0,1,0.0015808,0.0015808,0.0004,0.000345
352.89,0,0,0,1,0.0015834,0.0015834,0.0004,0.000345
352.89,0,0,0,1,0.001586,0.001586,0.0004,0.000345
352.89,0,0,0,1,0.0015886,0.0015886,0.0004,0.000345
352.88,0,0,0,1,0.0015912,0.0015912,0.0004,0.000345
352.88,0,0,0,1,0.0015938,0.0015938,0.0004,0.000345
352.88,0,0,0,1,0.0015964,0.0015964,0.0004,0.000345
352.88,0,0,0,1,0.001599,0.001599,0.0004,0.000345
352.88,0,0,0,1,0.0016016,0.0016016,0.0004,0.000345
352.88,0,0,0,1,0.0016042,0.0016042,0.0004,0.000345
352.88,0,0,0,1,0.0016068,0.0016068,0.0004,0.000345
352.87,0,0,0,1,0.0016094,0.0016094,0.0004,0.000345
352.87,0,0,0,1,0.001612,0.001612,0.0004,0.000345
352.87,0,0,0,1,0.0016146,0.0016146,0.0004,0.000345
352.87,0,0,0,1,0.0016172,0.0016172,0.0004,0.000345
352.87,0,0,0,1,0.0016198,0.0016198,0.0004,0.000345
352.86,0,0,0,1,0.0016224,0.0016224,0.0004,0.000345
352.86,0,0,0,1,0.001625,0.001625,0.0004,0.000345
352.86,0,0,0,1,0.0016276,0.0016276,0.0004,0.000345
352.86,0,0,0,1,0.0016302,0.0016302,0.0004,0.000345
352.85,0,0,0,1,0.0016328,0.0016328,0.0004,0.000345
352.85,0,0,0,1,0.0016354,0.0016354,0.0004,0.000345
352.85,0,0,0,1,0.001638,0.001638,0.0004,0.000345
352.85,0,0,0,1,0.0016406,0.0016406,0.0004,0.000345
352.85,0,0,0,1,0.0016432,0.0016432,0.0004,0.000345
352.84,0,0,0,1,0.0016458,0.0016458,0.0004,0.000345
352.84,0,0,0,1,0.0016484,0.0016484,0.0004,0.000345
352.84,0,0,0,1,0.001651,0.001651,0.0004,0.000345
352.84,0,0,0,1,0.0016536,0.0016536,0.0004,0.000345
352.84,0,0,0,1,0.0016562,0.0016562,0.0004,0.000345
352.84,0,0,0,1,0.0016588,0.0016588,0.0004,0.000345
352.83,0,0,0,1,0.0016614,0.0016614,0.0004,0.000345
352.83,0,0,0,1,0.001664,0.001664,0.0004,0.000345
352.83,0,0,0,1,0.0016666,0.0016666,0.0004,0.000345
352.83,0,0,0,1,0.0016692,0.0016692,0.0004,0.000345
352.83,0,0,0,1,0.0016718,0.0016718,0.0004,0.000345
352.83,0,0,0,1,0.0016744,0.0016744,0.0004,0.000345
352.83,0,0,0,1,0.001677,0.001677,0.0004,0.000345
352.83,0,0,0,1,0.0016796,0.0016796,0.0004,0.000345
352.83,0,0,0,1,0.0016822,0.0016822,0.0004,0.000345
352.83,0,0,0,1,0.0016848,0.0016848,0.0004,0.000345
352.83,0,0,0,1,0.0016874,0.0016874,0.0004,0.000345
352.83,0,0,0,1,0.00169,0.00169,0.0004,0.000345
352.83,0,0,0,1,0.0016926,0.0016926,0.0004,0.000345
352.83,0,0,0,1,0.0016952,0.0016952,0.0004,0.000345
352.83,0,0,0,1,0.0016978,0.0016978,0.0004,0.000345
352.83,0,0,0,1,0.0017004,0.0017004,0.0004,0.000345
352.82,0,0,0,1,0.001703,0.001703,0.0004,0.000345
352.82,0,0,0,1,0.0017056,0.0017056,0.0004,0.000345
352.82,0,0,0,1,0.0017082,0.0017082,0.0004,0.000345
352.81,0,0,0,1,0.0017108,0.0017108,0.0004,0.000345
352.81,0,0,0,1,0.0017134,0.0017134,0.0004,0.000345
352.81,0,0,0,1,0.001716,0.001716,0.0004,0.000345
352.8,0,0,0,1,0.0017186,0.0017186,0.0004,0.000345
352.79,0,0,0,1,0.0017212,0.0017212,0.0004,0.000345
352.78,0,0,0,1,0.0017238,0.0017238,0.0004,0.000345
352.77,0,0,0,1,0.0017264,0.0017264,0.0004,0.000345
352.76,0,0,0,1,0.001729,0.001729,0.0004,0.000345
352.75,0,0,0,1,0.0017316,0.0017316,0.0004,0.000345
352.74,0,0,0,1,0.0017342,0.0017342,0.0004,0.000345
352.72,0,0,0,1,0.0017368,0.0017368,0.0004,0.000345
352.71,0,0,0,1,0.0017394,0.0017394,0.0004,0.000345
352.69,0,0,0,1,0.001742,0.001742,0.0004,0.000345
352.67,0,0,0,1,0.0017446,0.0017446,0.0004,0.000345
352.65,0,0,0,1,0.0017472,0.0017472,0.0004,0.000345
352.63,0,0,0,1,0.0017498,0.0017498,0.0004,0.000345
352.61,0,0,0,1,0.0017524,0.0017524,0.0004,0.000345
352.59,0,0,0,1,0.001755,0.001755,0.0004,0.000345
352.57,0,0,0,1,0.0017576,0.0017576,0.0004,0.000345
352.55,0,0,0,1,0.0017602,0.0017602,0.0004,0.000345
352.53,0,0,0,1,0.0017628,0.0017628,0.0004,0.000345
352.51,0,0,0,1,0.0017654,0.0017654,0.0004,0.000345
352.49,0,0,0,1,0.001768,0.001768,0.0004,0.000345
352.48,0,0,0,1,0.0017706,0.0017706,0.0004,0.000345
352.46,0,0,0,1,0.0017732,0.0017732,0.0004,0.000345
352.44,0,0,0,1,0.0017758,0.0017758,0.0004,0.000345
352.44,0,0,0,1,0.0017784,0.0017784,0.0004,0.000345
352.43,0,0,0,1,0.001781,0.001781,0.0004,0.000345
352.42,0,0,0,1,0.0017836,0.0017836,0.0004,0.000345
352.41,0,0,0,1,0.0017862,0.0017862,0.0004,0.000345
352.41,0,0,0,1,0.0017888,0.0017888,0.0004,0.000345
352.42,0,0,0,1,0.0017914,0.0017914,0.0004,0.000345
352.42,0,0,0,1,0.001794,0.001794,0.0004,0.000345
352.42,0,0,0,1,0.0017966,0.0017966,0.0004,0.000345
352.44,0,0,0,1,0.0017992,0.0017992,0.0004,0.000345
352.45,0,0,0,1,0.0018018,0.0018018,0.0004,0.000345
352.46,0,0,0,1,0.0018044,0.0018044,0.0004,0.000345
352.47,0,0,0,1,0.001807,0.001807,0.0004,0.000345
352.49,0,0,0,1,0.0018096,0.0018096,0.0004,0.000345
352.51,0,0,0,1,0.0018122,0.0018122,0.0004,0.000345
352.53,0,0,0,1,0.0018148,0.0018148,0.0004,0.000345
352.55,0,0,0,1,0.0018174,0.0018174,0.0004,0.000345
352.57,0,0,0,1,0.00182,0.00182,0.0004,0.000345
352.59,0,0,0,1,0.0018226,0.0018226,0.0004,0.000345
352.61,0,0,0,1,0.0018252,0.0018252,0.0004,0.000345
352.63,0,0,0,1,0.0018278,0.0018278,0.0004,0.000345
352.65,0,0,0,1,0.0018304,0.0018304,0.0004,0.000345
352.67,0,0,0,1,0.001833,0.001833,0.0004,0.000345
352.69,0,0,0,1,0.0018356,0.0018356,0.0004,0.000345
352.71,0,0,0,1,0.0018382,0.0018382,0.0004,0.000345
352.73,0,0,0,1,0.0018408,0.0018408,0.0004,0.000345
352.74,0,0,0,1,0.0018434,0.0018434,0.0004,0.000345
352.76,0,0,0,1,0.001846,0.001846,0.0004,0.000345
352.77,0,0,0,1,0.0018486,0.0018486,0.0004,0.000345
352.78,0,0,0,1,0.0018512,0.0018512,0.0004,0.000345
352.79,0,0,0,1,0.0018538,0.0018538,0.0004,0.000345
352.8,0,0,0,1,0.0018564,0.0018564,0.0004,0.000345
352.81,0,0,0,1,0.001859,0.001859,0.0004,0.000345
352.81,0,0,0,1,0.0018616,0.0018616,0.0004,0.000345
352.82,0,0,0,1,0.0018642,0.0018642,0.0004,0.000345
352.82,0,0,0,1,0.0018668,0.0018668,0.0004,0.000345
352.83,0,0,0,1,0.0018694,0.0018694,0.0004,0.000345
352.83,0,0,0,1,0.001872,0.001872,0.0004,0.000345
352.83,0,0,0,1,0.0018746,0.0018746,0.0004,0.000345
352.83,0,0,0,1,0.0018772,0.0018772,0.0004,0.000345
352.83,0,0,0,1,0.0018798,0.0018798,0.0004,0.000345
352.83,0,0,0,1,0.0018824,0.0018824,0.0004,0.000345
352.83,0,0,0,1,0.001885,0.001885,0.0004,0.000345
352.83,0,0,0,1,0.0018876,0.0018876,0.0004,0.000345
352.83,0,0,0,1,0.0018902,0.0018902,0.0004,0.000345
352.82,0,0,0,1,0.0018928,0.0018928,0.0004,0.000345
352.82,0,0,0,1,0.0018954,0.0018954,0.0004,0.000345
352.82,0,0,0,1,0.001898,0.001898,0.0004,0.000345
352.81,0,0,0,1,0.0019006,0.0019006,0.0004,0.000345
352.81,0,0,0,1,0.0019032,0.0019032,0.0004,0.000345
352.81,0,0,0,1,0.0019058,0.0019058,0.0004,0.000345
352.8,0,0,0,1,0.0019084,0.0019084,0.0004,0.000345
352.8,0,0,0,1,0.001911,0.001911,0.0004,0.000345
352.79,0,0,0,1,0.0019136,0.0019136,0.0004,0.000345
352.79,0,0,0,1,0.0019162,0.0019162,0.0004,0.000345
352.78,0,0,0,1,0.0019188,0.0019188,0.0004,0.000345
352.78,0,0,0,1,0.0019214,0.0019214,0.0004,0.000345
352.77,0,0,0,1,0.001924,0.001924,0.0004,0.000345
352.77,0,0,0,1,0.0019266,0.0019266,0.0004,0.000345
352.76,0,0,0,1,0.0019292,0.0019292,0.0004,0.000345
352.76,0,0,0,1,0.0019318,0.0019318,0.0004,0.000345
352.75,0,0,0,1,0.0019344,0.0019344,0.0004,0.000345
352.75,0,0,0,1,0.001937,0.001937,0.0004,0.000345
352.74,0,0,0,1,0.0019396,0.0019396,0.0004,0.000345
352.74,0,0,0,1,0.0019422,0.0019422,0.0004,0.000345
352.74,0,0,0,1,0.0019448,0.0019448,0.0004,0.000345
352.73,0,0,0,1,0.0019474,0.0019474,0.0004,0.000345
352.73,0,0,0,1,0.00195,0.00195,0.0004,0.000345
352.73,0,0,0,1,0.0019526,0.0019526,0.0004,0.000345
352.73,0,0,0,1,0.0019552,0.0019552,0.0004,0.000345
352.73,0,0,0,1,0.0019578,0.0019578,0.0004,0.000345
352.73,0,0,0,1,0.0019604,0.0019604,0.0004,0.000345
352.73,0,0,0,1,0.001963,0.001963,0.0004,0.000345
352.74,0,0,0,1,0.0019656,0.0019656,0.0004,0.000345
352.74,0,0,0,1,0.0019682,0.0019682,0.0004,0.000345
352.75,0,0,0,1,0.0019708,0.0019708,0.0004,0.000345
352.75,0,0,0,1,0.0019734,0.0019734,0.0004,0.000345
352.76,0,0,0,1,0.001976,0.001976,0.0004,0.000345
352.76,0,0,0,1,0.0019786,0.0019786,0.0004,0.000345
352.77,0,0,0,1,0.0019812,0.0019812,0.0004,0.000345
352.78,0,0,0,1,0.0019838,0.0019838,0.0004,0.000345
352.79,0,0,0,1,0.0019864,0.0019864,0.0004,0.000345
352.79,0,0,0,1,0.001989,0.001989,0.0004,0.000345
352.8,0,0,0,1,0.0019916,0.0019916,0.0004,0.000345
352.81,0,0,0,1,0.0019942,0.0019942,0.0004,0.000345
352.82,0,0,0,1,0.0019968,0.0019968,0.0004,0.000345
352.82,0,0,0,1,0.0019994,0.0019994,0.0004,0.000345
352.83,0,0,0,1,0.002002,0.002002,0.0004,0.000345
352.84,0,0,0,1,0.0020046,0.0020046,0.0004,0.000345
352.84,0,0,0,1,0.0020072,0.0020072,0.0004,0.000345
352.85,0,0,0,1,0.0020098,0.0020098,0.0004,0.000345
352.85,0,0,0,1,0.0020124,0.0020124,0.0004,0.000345
352.86,0,0,0,1,0.002015,0.002015,0.0004,0.000345
352.86,0,0,0,1,0.0020176,0.0020176,0.0004,0.000345
352.87,0,0,0,1,0.0020202,0.0020202,0.0004,0.000345
352.87,0,0,0,1,0.0020228,0.0020228,0.0004,0.000345
352.87,0,0,0,1,0.0020254,0.0020254,0.0004,0.000345
352.88,0,0,0,1,0.002028,0.002028,0.0004,0.000345
352.88,0,0,0,1,0.0020306,0.0020306,0.0004,0.000345
352.88,0,0,0,1,0.0020332,0.0020332,0.0004,0.000345
352.88,0,0,0,1,0.0020358,0.0020358,0.0004,0.000345
352.88,0,0,0,1,0.0020384,0.0020384,0.0004,0.000345
352.88,0,0,0,1,0.002041,0.002041,0.0004,0.000345
352.88,0,0,0,1,0.0020436,0.0020436,0.0004,0.000345
352.88,0,0,0,1,0.0020462,0.0020462,0.0004,0.000345
352.88,0,0,0,1,0.0020488,0.0020488,0.0004,0.000345
352.88,0,0,0,1,0.0020514,0.0020514,0.0004,0.000345
352.88,0,0,0,1,0.002054,0.002054,0.0004,0.000345
352.87,0,0,0,1,0.0020566,0.0020566,0.0004,0.000345
352.87,0,0,0,1,0.0020592,0.0020592,0.0004,0.000345
352.87,0,0,0,1,0.0020618,0.0020618,0.0004,0.000345
352.86,0,0,0,1,0.0020644,0.0020644,0.0004,0.000345
352.86,0,0,0,1,0.002067,0.002067,0.0004,0.000345
352.86,0,0,0,1,0.0020696,0.0020696,0.0004,0.000345
352.85,0,0,0,1,0.0020722,0.0020722,0.0004,0.000345
352.85,0,0,0,1,0.0020748,0.0020748,0.0004,0.000345
352.84,0,0,0,1,0.0020774,0.0020774,0.0004,0.000345
352.84,0,0,0,1,0.00208,0.00208,0.0004,0.000345
352.83,0,0,0,1,0.0020826,0.0020826,0.0004,0.000345
352.83,0,0,0,1,0.0020852,0.0020852,0.0004,0.000345
352.82,0,0,0,1,0.0020878,0.0020878,0.0004,0.000345
352.82,0,0,0,1,0.0020904,0.0020904,0.0004,0.000345
352.81,0,0,0,1,0.002093,0.002093,0.0004,0.000345
352.81,0,0,0,1,0.0020956,0.0020956,0.0004,0.000345
352.81,0,0,0,1,0.0020982,0.0020982,0.0004,0.000345
352.8,0,0,0,1,0.0021008,0.0021008,0.0004,0.000345
352.8,0,0,0,1,0.0021034,0.0021034,0.0004,0.000345
352.79,0,0,0,1,0.002106,0.002106,0.0004,0.000345
352.79,0,0,0,1,0.0021086,0.0021086,0.0004,0.000345
352.79,0,0,0,1,0.0021112,0.0021112,0.0004,0.000345
352.78,0,0,0,1,0.0021138,0.0021138,0.0004,0.000345
352.78,0,0,0,1,0.0021164,0.0021164,0.0004,0.000345
352.78,0,0,0,1,0.002119,0.002119,0.0004,0.000345
352.78,0,0,0,1,0.0021216,0.0021216,0.0004,0.000345
352.78,0,0,0,1,0.0021242,0.0021242,0.0004,0.000345
352.78,0,0,0,1,0.0021268,0.0021268,0.0004,0.000345
352.77,0,0,0,1,0.0021294,0.0021294,0.0004,0.000345
352.77,0,0,0,1,0.002132,0.002132,0.0004,0.000345
352.77,0,0,0,1,0.0021346,0.0021346,0.0004,0.000345
352.77,0,0,0,1,0.0021372,0.0021372,0.0004,0.000345
352.78,0,0,0,1,0.0021398,0.0021398,0.0004,0.000345
352.78,0,0,0,1,0.0021424,0.0021424,0.0004,0.000345
352.78,0,0,0,1,0.002145,0.002145,0.0004,0.000345
352.78,0,0,0,1,0.0021476,0.0021476,0.0004,0.000345
352.78,0,0,0,1,0.0021502,0.0021502,0.0004,0.000345
352.78,0,0,0,1,0.0021528,0.0021528,0.0004,0.000345
352.79,0,0,0,1,0.0021554,0.0021554,0.0004,0.000345
352.79,0,0,0,1,0.002158,0.002158,0.0004,0.000345
352.79,0,0,0,1,0.0021606,0.0021606,0.0004,0.000345
352.8,0,0,0,1,0.0021632,0.0021632,0.0004,0.000345
352.8,0,0,0,1,0.0021658,0.0021658,0.0004,0.000345
352.8,0,0,0,1,0.0021684,0.0021684,0.0004,0.000345
352.8,0,0,0,1,0.002171,0.002171,0.0004,0.000345
352.81,0,0,0,1,0.0021736,0.0021736,0.0004,0.000345
352.81,0,0,0,1,0.0021762,0.0021762,0.0004,0.000345
352.81,0,0,0,1,0.0021788,0.0021788,0.0004,0.000345
352.82,0,0,0,1,0.0021814,0.0021814,0.0004,0.000345
352.82,0,0,0,1,0.002184,0.002184,0.0004,0.000345
352.82,0,0,0,1,0.0021866,0.0021866,0.0004,0.000345
352.82,0,0,0,1,0.0021892,0.0021892,0.0004,0.000345
352.82,0,0,0,1,0.0021918,0.0021918,0.0004,0.000345
352.82,0,0,0,1,0.0021944,0.0021944,0.0004,0.000345
352.82,0,0,0,1,0.002197,0.002197,0.0004,0.000345
352.82,0,0,0,1,0.0021996,0.0021996,0.0004,0.000345
352.82,0,0,0,1,0.0022022,0.0022022,0.0004,0.000345
352.82,0,0,0,1,0.0022048,0.0022048,0.0004,0.000345
352.82,0,0,0,1,0.0022074,0.0022074,0.0004,0.000345
352.82,0,0,0,1,0.00221,0.00221,0.0004,0.000345
352.82,0,0,0,1,0.0022126,0.0022126,0.0004,0.000345
352.82,0,0,0,1,0.0022152,0.0022152,0.0004,0.000345
352.81,0,0,0,1,0.0022178,0.0022178,0.0004,0.000345
352.81,0,0,0,1,0.0022204,0.0022204,0.0004,0.000345
352.81,0,0,0,1,0.002223,0.002223,0.0004,0.000345
352.8,0,0,0,1,0.0022256,0.0022256,0.0004,0.000345
352.8,0,0,0,1,0.0022282,0.0022282,0.0004,0.000345
352.79,0,0,0,1,0.0022308,0.0022308,0.0004,0.000345
352.79,0,0,0,1,0.0022334,0.0022334,0.0004,0.000345
352.78,0,0,0,1,0.002236,0.002236,0.0004,0.000345
352.77,0,0,0,1,0.0022386,0.0022386,0.0004,0.000345
352.77,0,0,0,1,0.0022412,0.0022412,0.0004,0.000345
352.76,0,0,0,1,0.0022438,0.0022438,0.0004,0.000345
352.76,0,0,0,1,0.0022464,0.0022464,0.0004,0.000345
352.75,0,0,0,1,0.002249,0.002249,0.0004,0.000345
352.74,0,0,0,1,0.0022516,0.0022516,0.0004,0.000345
352.73,0,0,0,1,0.0022542,0.0022542,0.0004,0.000345
352.73,0,0,0,1,0.0022568,0.0022568,0.0004,0.000345
352.72,0,0,0,1,0.0022594,0.0022594,0.0004,0.000345
352.71,0,0,0,1,0.002262,0.002262,0.0004,0.000345
352.71,0,0,0,1,0.0022646,0.0022646,0.0004,0.000345
352.7,0,0,0,1,0.0022672,0.0022672,0.0004,0.000345
352.69,0,0,0,1,0.0022698,0.0022698,0.0004,0.000345
352.69,0,0,0,1,0.0022724,0.0022724,0.0004,0.000345
352.68,0,0,0,1,0.002275,0.002275,0.0004,0.000345
352.68,0,0,0,1,0.0022776,0.0022776,0.0004,0.000345
352.67,0,0,0,1,0.0022802,0.0022802,0.0004,0.000345
352.67,0,0,0,1,0.0022828,0.0022828,0.0004,0.000345
352.66,0,0,0,1,0.0022854,0.0022854,0.0004,0.000345
352.66,0,0,0,1,0.002288,0.002288,0.0004,0.000345
352.65,0,0,0,1,0.0022906,0.0022906,0.0004,0.000345
352.65,0,0,0,1,0.0022932,0.0022932,0.0004,0.000345
352.65,0,0,0,1,0.0022958,0.0022958,0.0004,0.000345
352.64,0,0,0,1,0.0022984,0.0022984,0.0004,0.000345
352.64,0,0,0,1,0.002301,0.002301,0.0004,0.000345
352.64,0,0,0,1,0.0023036,0.0023036,0.0004,0.000345
352.64,0,0,0,1,0.0023062,0.0023062,0.0004,0.000345
352.64,0,0,0,1,0.0023088,0.0023088,0.0004,0.000345
352.64,0,0,0,1,0.0023114,0.0023114,0.0004,0.000345
352.64,0,0,0,1,0.002314,0.002314,0.0004,0.000345
352.64,0,0,0,1,0.0023166,0.0023166,0.0004,0.000345
352.64,0,0,0,1,0.0023192,0.0023192,0.0004,0.000345
352.64,0,0,0,1,0.0023218,0.0023218,0.0004,0.000345
352.64,0,0,0,1,0.0023244,0.0023244,0.0004,0.000345
352.64,0,0,0,1,0.002327,0.002327,0.0004,0.000345
352.64,0,0,0,1,0.0023296,0.0023296,0.0004,0.000345
352.65,0,0,0,1,0.0023322,0.0023322,0.0004,0.000345
352.65,0,0,0,1,0.0023348,0.0023348,0.0004,0.000345
352.65,0,0,0,1,0.0023374,0.0023374,0.0004,0.000345
352.65,0,0,0,1,0.00234,0.00234,0.0004,0.000345
352.65,0,0,0,1,0.0023426,0.0023426,0.0004,0.000345
352.66,0,0,0,1,0.0023452,0.0023452,0.0004,0.000345
352.66,0,0,0,1,0.0023478,0.0023478,0.0004,0.000345
352.66,0,0,0,1,0.0023504,0.0023504,0.0004,0.000345
352.66,0,0,0,1,0.002353,0.002353,0.0004,0.000345
352.66,0,0,0,1,0.0023556,0.0023556,0.0004,0.000345
352.66,0,0,0,1,0.0023582,0.0023582,0.0004,0.000345
352.67,0,0,0,1,0.0023608,0.0023608,0.0004,0.000345
352.67,0,0,0,1,0.0023634,0.0023634,0.0004,0.000345
352.67,0,0,0,1,0.002366,0.002366,0.0004,0.000345
352.68,0,0,0,1,0.0023686,0.0023686,0.0004,0.000345
352.68,0,0,0,1,0.0023712,0.0023712,0.0004,0.000345
352.68,0,0,0,1,0.0023738,0.0023738,0.0004,0.000345
352.69,0,0,0,1,0.0023764,0.0023764,0.0004,0.000345
352.7,0,0,0,1,0.002379,0.002379,0.0004,0.000345
352.7,0,0,0,1,0.0023816,0.0023816,0.0004,0.000345
352.71,0,0,0,1,0.0023842,0.0023842,0.0004,0.000345
352.72,0,0,0,1,0.0023868,0.0023868,0.0004,0.000345
352.73,0,0,0,1,0.0023894,0.0023894,0.0004,0.000345
352.74,0,0,0,1,0.002392,0.002392,0.0004,0.000345
352.75,0,0,0,1,0.0023946,0.0023946,0.0004,0.000345
352.75,0,0,0,1,0.0023972,0.0023972,0.0004,0.000345
352.76,0,0,0,1,0.0023998,0.0023998,0.0004,0.000345
352.77,0,0,0,1,0.0024024,0.0024024,0.0004,0.000345
352.78,0,0,0,1,0.002405,0.002405,0.0004,0.000345
352.78,0,0,0,1,0.0024076,0.0024076,0.0004,0.000345
352.79,0,0,0,1,0.0024102,0.0024102,0.0004,0.000345
352.8,0,0,0,1,0.0024128,0.0024128,0.0004,0.000345
352.8,0,0,0,1,0.0024154,0.0024154,0.0004,0.000345
352.81,0,0,0,1,0.002418,0.002418,0.0004,0.000345
352.81,0,0,0,1,0.0024206,0.0024206,0.0004,0.000345
352.82,0,0,0,1,0.0024232,0.0024232,0.0004,0.000345
352.82,0,0,0,1,0.0024258,0.0024258,0.0004,0.000345
352.82,0,0,0,1,0.0024284,0.0024284,0.0004,0.000345
352.83,0,0,0,1,0.002431,0.002431,0.0004,0.000345
352.83,0,0,0,1,0.0024336,0.0024336,0.0004,0.000345
352.83,0,0,0,1,0.0024362,0.0024362,0.0004,0.000345
352.84,0,0,0,1,0.0024388,0.0024388,0.0004,0.000345
352.84,0,0,0,1,0.0024414,0.0024414,0.0004,0.000345
352.84,0,0,0,1,0.002444,0.002444,0.0004,0.000345
352.85,0,0,0,1,0.0024466,0.0024466,0.0004,0.000345
352.85,0,0,0,1,0.0024492,0.0024492,0.0004,0.000345
352.85,0,0,0,1,0.0024518,0.0024518,0.0004,0.000345
352.86,0,0,0,1,0.0024544,0.0024544,0.0004,0.000345
352.86,0,0,0,1,0.002457,0.002457,0.0004,0.000345
352.86,0,0,0,1,0.0024596,0.0024596,0.0004,0.000345
352.86,0,0,0,1,0.0024622,0.0024622,0.0004,0.000345
352.87,0,0,0,1,0.0024648,0.0024648,0.0004,0.000345
352.87,0,0,0,1,0.0024674,0.0024674,0.0004,0.000345
352.87,0,0,0,1,0.00247,0.00247,0.0004,0.000345
352.87,0,0,0,1,0.0024726,0.0024726,0.0004,0.000345
352.87,0,0,0,1,0.0024752,0.0024752,0.0004,0.000345
352.87,0,0,0,1,0.0024778,0.0024778,0.0004,0.000345
352.87,0,0,0,1,0.0024804,0.0024804,0.0004,0.000345
352.87,0,0,0,1,0.002483,0.002483,0.0004,0.000345
352.87,0,0,0,1,0.0024856,0.0024856,0.0004,0.000345
352.87,0,0,0,1,0.0024882,0.0024882,0.0004,0.000345
352.87,0,0,0,1,0.0024908,0.0024908,0.0004,0.000345
352.87,0,0,0,1,0.0024934,0.0024934,0.0004,0.000345
352.87,0,0,0,1,0.002496,0.002496,0.0004,0.000345
352.86,0,0,0,1,0.0024986,0.0024986,0.0004,0.000345
352.86,0,0,0,1,0.0025012,0.0025012,0.0004,0.000345
352.86,0,0,0,1,0.0025038,0.0025038,0.0004,0.000345
352.85,0,0,0,1,0.0025064,0.0025064,0.0004,0.000345
352.85,0,0,0,1,0.002509,0.002509,0.0004,0.000345
352.84,0,0,0,1,0.0025116,0.0025116,0.0004,0.000345
352.84,0,0,0,1,0.0025142,0.0025142,0.0004,0.000345
352.83,0,0,0,1,0.0025168,0.0025168,0.0004,0.000345
352.83,0,0,0,1,0.0025194,0.0025194,0.0004,0.000345
352.82,0,0,0,1,0.002522,0.002522,0.0004,0.000345
352.81,0,0,0,1,0.0025246,0.0025246,0.0004,0.000345
352.81,0,0,0,1,0.0025272,0.0025272,0.0004,0.000345
352.8,0,0,0,1,0.0025298,0.0025298,0.0004,0.000345
352.8,0,0,0,1,0.0025324,0.0025324,0.0004,0.000345
352.79,0,0,0,1,0.002535,0.002535,0.0004,0.000345
352.78,0,0,0,1,0.0025376,0.0025376,0.0004,0.000345
352.78,0,0,0,1,0.0025402,0.0025402,0.0004,0.000345
352.77,0,0,0,1,0.0025428,0.0025428,0.0004,0.000345
352.77,0,0,0,1,0.0025454,0.0025454,0.0004,0.000345
352.76,0,0,0,1,0.002548,0.002548,0.0004,0.000345
352.75,0,0,0,1,0.0025506,0.0025506,0.0004,0.000345
352.75,0,0,0,1,0.0025532,0.0025532,0.0004,0.000345
352.74,0,0,0,1,0.0025558,0.0025558,0.0004,0.000345
352.74,0,0,0,1,0.0025584,0.0025584,0.0004,0.000345
352.73,0,0,0,1,0.002561,0.002561,0.0004,0.000345
352.73,0,0,0,1,0.0025636,0.0025636,0.0004,0.000345
352.72,0,0,0,1,0.0025662,0.0025662,0.0004,0.000345
352.72,0,0,0,1,0.0025688,0.0025688,0.0004,0.000345
352.71,0,0,0,1,0.0025714,0.0025714,0.0004,0.000345
352.71,0,0,0,1,0.002574,0.002574,0.0004,0.000345
352.71,0,0,0,1,0.0025766,0.0025766,0.0004,0.000345
352.7,0,0,0,1,0.0025792,0.0025792,0.0004,0.000345
352.7,0,0,0,1,0.0025818,0.0025818,0.0004,0.000345
352.69,0,0,0,1,0.0025844,0.0025844,0.0004,0.000345
352.69,0,0,0,1,0.002587,0.002587,0.0004,0.000345
352.69,0,0,0,1,0.0025896,0.0025896,0.0004,0.000345
352.68,0,0,0,1,0.0025922,0.0025922,0.0004,0.000345
352.68,0,0,0,1,0.0025948,0.0025948,0.0004,0.000345
352.68,0,0,0,1,0.0025974,0.0025974,0.0004,0.000345
nan,nan,nan,0,0,0.0026,0.0026,0.0004,0.000345
