"temp","mpPhase","mpLiqPhase","vtkGhostType","vtkValidPointMask","arc_length","Points:0","Points:1","Points:2"
490.56,0,0,0,1,0,0,0.0004,0.000345
490.56,0,0,0,1,2.6e-06,2.6e-06,0.0004,0.000345
490.64,0,0,0,1,5.2e-06,5.2e-06,0.0004,0.000345
491.64,0,0,0,1,7.8e-06,7.8e-06,0.0004,0.000345
492.64,0,0,0,1,1.04e-05,1.04e-05,0.0004,0.000345
493.63,0,0,0,1,1.3e-05,1.3e-05,0.0004,0.000345
494.86,0,0,0,1,1.56e-05,1.56e-05,0.0004,0.000345
496.84,0,0,0,1,1.82e-05,1.82e-05,0.0004,0.000345
498.82,0,0,0,1,2.08e-05,2.08e-05,0.0004,0.000345
500.81,0,0,0,1,2.34e-05,2.34e-05,0.0004,0.000345
503.16,0,0,0,1,2.6e-05,2.6e-05,0.0004,0.000345
506.12,0,0,0,1,2.86e-05,2.86e-05,0.0004,0.000345
509.07,0,0,0,1,3.12e-05,3.12e-05,0.0004,0.000345
512.02,0,0,0,1,3.38e-05,3.38e-05,0.0004,0.000345
515.49,0,0,0,1,3.64e-05,3.64e-05,0.0004,0.000345
519.39,0,0,0,1,3.9e-05,3.9e-05,0.0004,0.000345
523.3,0,0,0,1,4.16e-05,4.16e-05,0.0004,0.000345
527.2,0,0,0,1,4.42e-05,4.42e-05,0.0004,0.000345
531.74,0,0,0,1,4.68e-05,4.68e-05,0.0004,0.000345
536.57,0,0,0,1,4.94e-05,4.94e-05,0.0004,0.000345
541.39,0,0,0,1,5.2e-05,5.2e-05,0.0004,0.000345
546.22,0,0,0,1,5.46e-05,5.46e-05,0.0004,0.000345
551.79,0,0,0,1,5.72e-05,5.72e-05,0.0004,0.000345
557.5,0,0,0,1,5.98e-05,5.98e-05,0.0004,0.000345
563.21,0,0,0,1,6.24e-05,6.24e-05,0.0004,0.000345
568.92,0,0,0,1,6.5e-05,6.5e-05,0.0004,0.000345
575.47,0,0,0,1,6.76e-05,6.76e-05,0.0004,0.000345
582.01,0,0,0,1,7.02e-05,7.02e-05,0.0004,0.000345
588.56,0,0,0,1,7.28e-05,7.28e-05,0.0004,0.000345
595.23,0,0,0,1,7.54e-05,7.54e-05,0.0004,0.000345
602.56,0,0,0,1,7.8e-05,7.8e-05,0.0004,0.000345
609.89,0,0,0,1,8.06e-05,8.06e-05,0.0004,0.000345
617.22,0,0,0,1,8.32e-05,8.32e-05,0.0004,0.000345
624.77,0,0,0,1,8.58e-05,8.58e-05,0.0004,0.000345
632.81,0,0,0,1,8.84e-05,8.84e-05,0.0004,0.000345
640.86,0,0,0,1,9.1e-05,9.1e-05,0.0004,0.000345
648.91,0,0,0,1,9.36e-05,9.36e-05,0.0004,0.000345
657.25,0,0,0,1,9.62e-05,9.62e-05,0.0004,0.000345
665.94,0,0,0,1,9.88e-05,9.88e-05,0.0004,0.000345
674.62,0,0,0,1,0.0001014,0.0001014,0.0004,0.000345
683.31,0,0,0,1,0.000104,0.000104,0.0004,0.000345
692.34,0,0,0,1,0.0001066,0.0001066,0.0004,0.000345
701.58,0,0,0,1,0.0001092,0.0001092,0.0004,0.000345
710.83,0,0,0,1,0.0001118,0.0001118,0.0004,0.000345
720.07,0,0,0,1,0.0001144,0.0001144,0.0004,0.000345
729.67,0,0,0,1,0.000117,0.000117,0.0004,0.000345
739.38,0,0,0,1,0.0001196,0.0001196,0.0004,0.000345
749.09,0,0,0,1,0.0001222,0.0001222,0.0004,0.000345
758.8,0,0,0,1,0.0001248,0.0001248,0.0004,0.000345
768.84,0,0,0,1,0.0001274,0.0001274,0.0004,0.000345
778.92,0,0,0,1,0.00013,0.00013,0.0004,0.000345
788.99,0,0,0,1,0.0001326,0.0001326,0.0004,0.000345
799.09,0.02,0.02,0,1,0.0001352,0.0001352,0.0004,0.000345
809.42,0.28,0.28,0,1,0.0001378,0.0001378,0.0004,0.000345
819.76,0.54,0.54,0,1,0.0001404,0.0001404,0.0004,0.000345
830.09,0.8,0.8,0,1,0.000143,0.000143,0.0004,0.000345
840.46,1,1,0,1,0.0001456,0.0001456,0.0004,0.000345
850.96,1,1,0,1,0.0001482,0.0001482,0.0004,0.000345
861.45,1,1,0,1,0.0001508,0.0001508,0.0004,0.000345
871.94,1,1,0,1,0.0001534,0.0001534,0.0004,0.000345
882.45,1,1,0,1,0.000156,0.000156,0.0004,0.000345
892.99,1,1,0,1,0.0001586,0.0001586,0.0004,0.000345
903.53,1,1,0,1,0.0001612,0.0001612,0.0004,0.000345
914.07,1,1,0,1,0.0001638,0.0001638,0.0004,0.000345
924.59,1,1,0,1,0.0001664,0.0001664,0.0004,0.000345
935.07,1,1,0,1,0.000169,0.000169,0.0004,0.000345
945.56,1,1,0,1,0.0001716,0.0001716,0.0004,0.000345
956.05,1,1,0,1,0.0001742,0.0001742,0.0004,0.000345
966.43,1,1,0,1,0.0001768,0.0001768,0.0004,0.000345
976.77,1,1,0,1,0.0001794,0.0001794,0.0004,0.000345
987.11,1,1,0,1,0.000182,0.000182,0.0004,0.000345
997.45,1,1,0,1,0.0001846,0.0001846,0.0004,0.000345
1007.6,1,1,0,1,0.0001872,0.0001872,0.0004,0.000345
1017.7,1,1,0,1,0.0001898,0.0001898,0.0004,0.000345
1027.8,1,1,0,1,0.0001924,0.0001924,0.0004,0.000345
1037.9,1,1,0,1,0.000195,0.000195,0.0004,0.000345
1047.6,1,1,0,1,0.0001976,0.0001976,0.0004,0.000345
1057.4,1,1,0,1,0.0002002,0.0002002,0.0004,0.000345
1067.2,1,1,0,1,0.0002028,0.0002028,0.0004,0.000345
1076.9,1,1,0,1,0.0002054,0.0002054,0.0004,0.000345
1086.3,1,1,0,1,0.000208,0.000208,0.0004,0.000345
1095.7,1,1,0,1,0.0002106,0.0002106,0.0004,0.000345
1105.1,1,1,0,1,0.0002132,0.0002132,0.0004,0.000345
1114.3,1,1,0,1,0.0002158,0.0002158,0.0004,0.000345
1123.3,1,1,0,1,0.0002184,0.0002184,0.0004,0.000345
1132.2,1,1,0,1,0.000221,0.000221,0.0004,0.000345
1141.2,1,1,0,1,0.0002236,0.0002236,0.0004,0.000345
1149.9,1,1,0,1,0.0002262,0.0002262,0.0004,0.000345
1158.3,1,1,0,1,0.0002288,0.0002288,0.0004,0.000345
1166.8,1,1,0,1,0.0002314,0.0002314,0.0004,0.000345
1175.2,1,1,0,1,0.000234,0.000234,0.0004,0.000345
1183.4,1,1,0,1,0.0002366,0.0002366,0.0004,0.000345
1191.3,1,1,0,1,0.0002392,0.0002392,0.0004,0.000345
1199.3,1,1,0,1,0.0002418,0.0002418,0.0004,0.000345
1207.2,1,1,0,1,0.0002444,0.0002444,0.0004,0.000345
1214.7,1,1,0,1,0.000247,0.000247,0.0004,0.000345
1222.1,1,1,0,1,0.0002496,0.0002496,0.0004,0.000345
1229.5,1,1,0,1,0.0002522,0.0002522,0.0004,0.000345
1236.9,1,1,0,1,0.0002548,0.0002548,0.0004,0.000345
1243.8,1,1,0,1,0.0002574,0.0002574,0.0004,0.000345
1250.7,1,1,0,1,0.00026,0.00026,0.0004,0.000345
1257.6,1,1,0,1,0.0002626,0.0002626,0.0004,0.000345
1264.4,1,1,0,1,0.0002652,0.0002652,0.0004,0.000345
1270.7,1,1,0,1,0.0002678,0.0002678,0.0004,0.000345
1277.1,1,1,0,1,0.0002704,0.0002704,0.0004,0.000345
1283.4,1,1,0,1,0.000273,0.000273,0.0004,0.000345
1289.6,1,1,0,1,0.0002756,0.0002756,0.0004,0.000345
1295.4,1,1,0,1,0.0002782,0.0002782,0.0004,0.000345
1301.2,1,1,0,1,0.0002808,0.0002808,0.0004,0.000345
1307,1,1,0,1,0.0002834,0.0002834,0.0004,0.000345
1312.7,1,1,0,1,0.000286,0.000286,0.0004,0.000345
1318,1,1,0,1,0.0002886,0.0002886,0.0004,0.000345
1323.3,1,1,0,1,0.0002912,0.0002912,0.0004,0.000345
1328.6,1,1,0,1,0.0002938,0.0002938,0.0004,0.000345
1333.7,1,1,0,1,0.0002964,0.0002964,0.0004,0.000345
1338.6,1,1,0,1,0.000299,0.000299,0.0004,0.000345
1343.4,1,1,0,1,0.0003016,0.0003016,0.0004,0.000345
1348.3,1,1,0,1,0.0003042,0.0003042,0.0004,0.000345
1352.8,1,1,0,1,0.0003068,0.0003068,0.0004,0.000345
1357.3,1,1,0,1,0.0003094,0.0003094,0.0004,0.000345
1361.7,1,1,0,1,0.000312,0.000312,0.0004,0.000345
1366.1,1,1,0,1,0.0003146,0.0003146,0.0004,0.000345
1370.2,1,1,0,1,0.0003172,0.0003172,0.0004,0.000345
1374.2,1,1,0,1,0.0003198,0.0003198,0.0004,0.000345
1378.3,1,1,0,1,0.0003224,0.0003224,0.0004,0.000345
1382.3,1,1,0,1,0.000325,0.000325,0.0004,0.000345
1386,1,1,0,1,0.0003276,0.0003276,0.0004,0.000345
1389.7,1,1,0,1,0.0003302,0.0003302,0.0004,0.000345
1393.3,1,1,0,1,0.0003328,0.0003328,0.0004,0.000345
1397,1,1,0,1,0.0003354,0.0003354,0.0004,0.000345
1400.3,1,1,0,1,0.000338,0.000338,0.0004,0.000345
1403.7,1,1,0,1,0.0003406,0.0003406,0.0004,0.000345
1407,1,1,0,1,0.0003432,0.0003432,0.0004,0.000345
1410.3,1,1,0,1,0.0003458,0.0003458,0.0004,0.000345
1413.4,1,1,0,1,0.0003484,0.0003484,0.0004,0.000345
1416.5,1,1,0,1,0.000351,0.000351,0.0004,0.000345
1419.6,1,1,0,1,0.0003536,0.0003536,0.0004,0.000345
1422.5,1,1,0,1,0.0003562,0.0003562,0.0004,0.000345
1425.4,1,1,0,1,0.0003588,0.0003588,0.0004,0.000345
1428.2,1,1,0,1,0.0003614,0.0003614,0.0004,0.000345
1431,1,1,0,1,0.000364,0.000364,0.0004,0.000345
1433.8,1,1,0,1,0.0003666,0.0003666,0.0004,0.000345
1436.4,1,1,0,1,0.0003692,0.0003692,0.0004,0.000345
1439,1,1,0,1,0.0003718,0.0003718,0.0004,0.000345
1441.6,1,1,0,1,0.0003744,0.0003744,0.0004,0.000345
1444.1,1,1,0,1,0.000377,0.000377,0.0004,0.000345
1446.6,1,1,0,1,0.0003796,0.0003796,0.0004,0.000345
1449,1,1,0,1,0.0003822,0.0003822,0.0004,0.000345
1451.5,1,1,0,1,0.0003848,0.0003848,0.0004,0.000345
1453.8,1,1,0,1,0.0003874,0.0003874,0.0004,0.000345
1456,1,1,0,1,0.00039,0.00039,0.0004,0.000345
1458.3,1,1,0,1,0.0003926,0.0003926,0.0004,0.000345
1460.6,1,1,0,1,0.0003952,0.0003952,0.0004,0.000345
1462.8,1,1,0,1,0.0003978,0.0003978,0.0004,0.000345
1464.9,1,1,0,1,0.0004004,0.0004004,0.0004,0.000345
1467.1,1,1,0,1,0.000403,0.000403,0.0004,0.000345
1469.2,1,1,0,1,0.0004056,0.0004056,0.0004,0.000345
1471.3,1,1,0,1,0.0004082,0.0004082,0.0004,0.000345
1473.4,1,1,0,1,0.0004108,0.0004108,0.0004,0.000345
1475.4,1,1,0,1,0.0004134,0.0004134,0.0004,0.000345
1477.4,1,1,0,1,0.000416,0.000416,0.0004,0.000345
1479.4,1,1,0,1,0.0004186,0.0004186,0.0004,0.000345
1481.4,1,1,0,1,0.0004212,0.0004212,0.0004,0.000345
1483.3,1,1,0,1,0.0004238,0.0004238,0.0004,0.000345
1485.3,1,1,0,1,0.0004264,0.0004264,0.0004,0.000345
1487.1,1,1,0,1,0.000429,0.000429,0.0004,0.000345
1489,1,1,0,1,0.0004316,0.0004316,0.0004,0.000345
1490.9,1,1,0,1,0.0004342,0.0004342,0.0004,0.000345
1492.8,1,1,0,1,0.0004368,0.0004368,0.0004,0.000345
1494.6,1,1,0,1,0.0004394,0.0004394,0.0004,0.000345
1496.4,1,1,0,1,0.000442,0.000442,0.0004,0.000345
1498.3,1,1,0,1,0.0004446,0.0004446,0.0004,0.000345
1500,1,1,0,1,0.0004472,0.0004472,0.0004,0.000345
1501.8,1,1,0,1,0.0004498,0.0004498,0.0004,0.000345
1503.6,1,1,0,1,0.0004524,0.0004524,0.0004,0.000345
1505.4,1,1,0,1,0.000455,0.000455,0.0004,0.000345
1507.1,1,1,0,1,0.0004576,0.0004576,0.0004,0.000345
1508.9,1,1,0,1,0.0004602,0.0004602,0.0004,0.000345
1510.6,1,1,0,1,0.0004628,0.0004628,0.0004,0.000345
1512.4,1,1,0,1,0.0004654,0.0004654,0.0004,0.000345
1514.1,1,1,0,1,0.000468,0.000468,0.0004,0.000345
1515.8,1,1,0,1,0.0004706,0.0004706,0.0004,0.000345
1517.5,1,1,0,1,0.0004732,0.0004732,0.0004,0.000345
1519.2,1,1,0,1,0.0004758,0.0004758,0.0004,0.000345
1520.9,1,1,0,1,0.0004784,0.0004784,0.0004,0.000345
1522.6,1,1,0,1,0.000481,0.000481,0.0004,0.000345
1524.3,1,1,0,1,0.0004836,0.0004836,0.0004,0.000345
1525.9,1,1,0,1,0.0004862,0.0004862,0.0004,0.000345
1527.6,1,1,0,1,0.0004888,0.0004888,0.0004,0.000345
1529.3,1,1,0,1,0.0004914,0.0004914,0.0004,0.000345
1530.9,1,1,0,1,0.000494,0.000494,0.0004,0.000345
1532.6,1,1,0,1,0.0004966,0.0004966,0.0004,0.000345
1534.3,1,1,0,1,0.0004992,0.0004992,0.0004,0.000345
1535.9,1,1,0,1,0.0005018,0.0005018,0.0004,0.000345
1537.6,1,1,0,1,0.0005044,0.0005044,0.0004,0.000345
1539.2,1,1,0,1,0.000507,0.000507,0.0004,0.000345
1540.8,1,1,0,1,0.0005096,0.0005096,0.0004,0.000345
1542.5,1,1,0,1,0.0005122,0.0005122,0.0004,0.000345
1544.1,1,1,0,1,0.0005148,0.0005148,0.0004,0.000345
1545.7,1,1,0,1,0.0005174,0.0005174,0.0004,0.000345
1547.4,1,1,0,1,0.00052,0.00052,0.0004,0.000345
1549,1,1,0,1,0.0005226,0.0005226,0.0004,0.000345
1550.6,1,1,0,1,0.0005252,0.0005252,0.0004,0.000345
1552.2,1,1,0,1,0.0005278,0.0005278,0.0004,0.000345
1553.9,1,1,0,1,0.0005304,0.0005304,0.0004,0.000345
1555.5,1,1,0,1,0.000533,0.000533,0.0004,0.000345
1557.1,1,1,0,1,0.0005356,0.0005356,0.0004,0.000345
1558.7,1,1,0,1,0.0005382,0.0005382,0.0004,0.000345
1560.3,1,1,0,1,0.0005408,0.0005408,0.0004,0.000345
1561.9,1,1,0,1,0.0005434,0.0005434,0.0004,0.000345
1563.5,1,1,0,1,0.000546,0.000546,0.0004,0.000345
1565.2,1,1,0,1,0.0005486,0.0005486,0.0004,0.000345
1566.8,1,1,0,1,0.0005512,0.0005512,0.0004,0.000345
1568.4,1,1,0,1,0.0005538,0.0005538,0.0004,0.000345
1570,1,1,0,1,0.0005564,0.0005564,0.0004,0.000345
1571.6,1,1,0,1,0.000559,0.000559,0.0004,0.000345
1573.2,1,1,0,1,0.0005616,0.0005616,0.0004,0.000345
1574.8,1,1,0,1,0.0005642,0.0005642,0.0004,0.000345
1576.4,1,1,0,1,0.0005668,0.0005668,0.0004,0.000345
1578,1,1,0,1,0.0005694,0.0005694,0.0004,0.000345
1579.5,1,1,0,1,0.000572,0.000572,0.0004,0.000345
1581.1,1,1,0,1,0.0005746,0.0005746,0.0004,0.000345
1582.7,1,1,0,1,0.0005772,0.0005772,0.0004,0.000345
1584.3,1,1,0,1,0.0005798,0.0005798,0.0004,0.000345
1585.8,1,1,0,1,0.0005824,0.0005824,0.0004,0.000345
1587.4,1,1,0,1,0.000585,0.000585,0.0004,0.000345
1588.9,1,1,0,1,0.0005876,0.0005876,0.0004,0.000345
1590.5,1,1,0,1,0.0005902,0.0005902,0.0004,0.000345
1592,1,1,0,1,0.0005928,0.0005928,0.0004,0.000345
1593.5,1,1,0,1,0.0005954,0.0005954,0.0004,0.000345
1595,1,1,0,1,0.000598,0.000598,0.0004,0.000345
1596.5,1,1,0,1,0.0006006,0.0006006,0.0004,0.000345
1598,1,1,0,1,0.0006032,0.0006032,0.0004,0.000345
1599.4,1,1,0,1,0.0006058,0.0006058,0.0004,0.000345
1600.9,1,1,0,1,0.0006084,0.0006084,0.0004,0.000345
1602.3,1,1,0,1,0.000611,0.000611,0.0004,0.000345
1603.7,1,1,0,1,0.0006136,0.0006136,0.0004,0.000345
1605.1,1,1,0,1,0.0006162,0.0006162,0.0004,0.000345
1606.3,1,1,0,1,0.0006188,0.0006188,0.0004,0.000345
1607.6,1,1,0,1,0.0006214,0.0006214,0.0004,0.000345
1608.9,1,1,0,1,0.000624,0.000624,0.0004,0.000345
1610.1,1,1,0,1,0.0006266,0.0006266,0.0004,0.000345
1611.3,1,1,0,1,0.0006292,0.0006292,0.0004,0.000345
1612.5,1,1,0,1,0.0006318,0.0006318,0.0004,0.000345
1613.7,1,1,0,1,0.0006344,0.0006344,0.0004,0.000345
1615,1,1,0,1,0.000637,0.000637,0.0004,0.000345
1616.2,1,1,0,1,0.0006396,0.0006396,0.0004,0.000345
1617.5,1,1,0,1,0.0006422,0.0006422,0.0004,0.000345
1618.7,1,1,0,1,0.0006448,0.0006448,0.0004,0.000345
1620.1,1,1,0,1,0.0006474,0.0006474,0.0004,0.000345
1621.5,1,1,0,1,0.00065,0.00065,0.0004,0.000345
1623,1,1,0,1,0.0006526,0.0006526,0.0004,0.000345
1624.4,1,1,0,1,0.0006552,0.0006552,0.0004,0.000345
1625.9,1,1,0,1,0.0006578,0.0006578,0.0004,0.000345
1627.4,1,1,0,1,0.0006604,0.0006604,0.0004,0.000345
1628.8,1,1,0,1,0.000663,0.000663,0.0004,0.000345
1630.4,1,1,0,1,0.0006656,0.0006656,0.0004,0.000345
1631.9,1,1,0,1,0.0006682,0.0006682,0.0004,0.000345
1633.5,1,1,0,1,0.0006708,0.0006708,0.0004,0.000345
1635,1,1,0,1,0.0006734,0.0006734,0.0004,0.000345
1636.6,1,1,0,1,0.000676,0.000676,0.0004,0.000345
1638.3,1,1,0,1,0.0006786,0.0006786,0.0004,0.000345
1640,1,1,0,1,0.0006812,0.0006812,0.0004,0.000345
1641.6,1,1,0,1,0.0006838,0.0006838,0.0004,0.000345
1643.3,1,1,0,1,0.0006864,0.0006864,0.0004,0.000345
1645.1,1,1,0,1,0.000689,0.000689,0.0004,0.000345
1646.8,1,1,0,1,0.0006916,0.0006916,0.0004,0.000345
1648.5,1,1,0,1,0.0006942,0.0006942,0.0004,0.000345
1650.3,1,1,0,1,0.0006968,0.0006968,0.0004,0.000345
1652.1,1,1,0,1,0.0006994,0.0006994,0.0004,0.000345
1653.9,1,1,0,1,0.000702,0.000702,0.0004,0.000345
1655.7,1,1,0,1,0.0007046,0.0007046,0.0004,0.000345
1657.6,1,1,0,1,0.0007072,0.0007072,0.0004,0.000345
1659.4,1,1,0,1,0.0007098,0.0007098,0.0004,0.000345
1661.3,1,1,0,1,0.0007124,0.0007124,0.0004,0.000345
1663.2,1,1,0,1,0.000715,0.000715,0.0004,0.000345
1665.1,1,1,0,1,0.0007176,0.0007176,0.0004,0.000345
1667,1,1,0,1,0.0007202,0.0007202,0.0004,0.000345
1668.9,1,1,0,1,0.0007228,0.0007228,0.0004,0.000345
1670.9,1,1,0,1,0.0007254,0.0007254,0.0004,0.000345
1672.9,1,1,0,1,0.000728,0.000728,0.0004,0.000345
1674.9,1,1,0,1,0.0007306,0.0007306,0.0004,0.000345
1676.9,1,1,0,1,0.0007332,0.0007332,0.0004,0.000345
1678.9,1,1,0,1,0.0007358,0.0007358,0.0004,0.000345
1680.9,1,1,0,1,0.0007384,0.0007384,0.0004,0.000345
1683,1,1,0,1,0.000741,0.000741,0.0004,0.000345
1685,1,1,0,1,0.0007436,0.0007436,0.0004,0.000345
1687.1,1,1,0,1,0.0007462,0.0007462,0.0004,0.000345
1689.2,1,1,0,1,0.0007488,0.0007488,0.0004,0.000345
1691.3,1,1,0,1,0.0007514,0.0007514,0.0004,0.000345
1693.4,1,1,0,1,0.000754,0.000754,0.0004,0.000345
1695.6,1,1,0,1,0.0007566,0.0007566,0.0004,0.000345
1697.8,1,1,0,1,0.0007592,0.0007592,0.0004,0.000345
1699.9,1,1,0,1,0.0007618,0.0007618,0.0004,0.000345
1702.1,1,1,0,1,0.0007644,0.0007644,0.0004,0.000345
1704.3,1,1,0,1,0.000767,0.000767,0.0004,0.000345
1706.5,1,1,0,1,0.0007696,0.0007696,0.0004,0.000345
1708.8,1,1,0,1,0.0007722,0.0007722,0.0004,0.000345
1711,1,1,0,1,0.0007748,0.0007748,0.0004,0.000345
1713.3,1,1,0,1,0.0007774,0.0007774,0.0004,0.000345
1715.6,1,1,0,1,0.00078,0.00078,0.0004,0.000345
1717.9,1,1,0,1,0.0007826,0.0007826,0.0004,0.000345
1720.2,1,1,0,1,0.0007852,0.0007852,0.0004,0.000345
1722.5,1,1,0,1,0.0007878,0.0007878,0.0004,0.000345
1724.9,1,1,0,1,0.0007904,0.0007904,0.0004,0.000345
1727.2,1,1,0,1,0.000793,0.000793,0.0004,0.000345
1729.6,1,1,0,1,0.0007956,0.0007956,0.0004,0.000345
1732,1,1,0,1,0.0007982,0.0007982,0.0004,0.000345
1734.4,1,1,0,1,0.0008008,0.0008008,0.0004,0.000345
1736.8,1,1,0,1,0.0008034,0.0008034,0.0004,0.000345
1739.2,1,1,0,1,0.000806,0.000806,0.0004,0.000345
1741.7,1,1,0,1,0.0008086,0.0008086,0.0004,0.000345
1744.1,1,1,0,1,0.0008112,0.0008112,0.0004,0.000345
1746.6,1,1,0,1,0.0008138,0.0008138,0.0004,0.000345
1749.1,1,1,0,1,0.0008164,0.0008164,0.0004,0.000345
1751.6,1,1,0,1,0.000819,0.000819,0.0004,0.000345
1754.1,1,1,0,1,0.0008216,0.0008216,0.0004,0.000345
1756.6,1,1,0,1,0.0008242,0.0008242,0.0004,0.000345
1759.2,1,1,0,1,0.0008268,0.0008268,0.0004,0.000345
1761.8,1,1,0,1,0.0008294,0.0008294,0.0004,0.000345
1764.3,1,1,0,1,0.000832,0.000832,0.0004,0.000345
1766.9,1,1,0,1,0.0008346,0.0008346,0.0004,0.000345
1769.5,1,1,0,1,0.0008372,0.0008372,0.0004,0.000345
1772.2,1,1,0,1,0.0008398,0.0008398,0.0004,0.000345
1774.8,1,1,0,1,0.0008424,0.0008424,0.0004,0.000345
1777.4,1,1,0,1,0.000845,0.000845,0.0004,0.000345
1780.2,1,1,0,1,0.0008476,0.0008476,0.0004,0.000345
1782.9,1,1,0,1,0.0008502,0.0008502,0.0004,0.000345
1785.6,1,1,0,1,0.0008528,0.0008528,0.0004,0.000345
1788.3,1,1,0,1,0.0008554,0.0008554,0.0004,0.000345
1791,1,1,0,1,0.000858,0.000858,0.0004,0.000345
1793.8,1,1,0,1,0.0008606,0.0008606,0.0004,0.000345
1796.6,1,1,0,1,0.0008632,0.0008632,0.0004,0.000345
1799.4,1,1,0,1,0.0008658,0.0008658,0.0004,0.000345
1802.2,1,1,0,1,0.0008684,0.0008684,0.0004,0.000345
1805.1,1,1,0,1,0.000871,0.000871,0.0004,0.000345
1807.9,1,1,0,1,0.0008736,0.0008736,0.0004,0.000345
1810.8,1,1,0,1,0.0008762,0.0008762,0.0004,0.000345
1813.7,1,1,0,1,0.0008788,0.0008788,0.0004,0.000345
1816.6,1,1,0,1,0.0008814,0.0008814,0.0004,0.000345
1819.6,1,1,0,1,0.000884,0.000884,0.0004,0.000345
1822.5,1,1,0,1,0.0008866,0.0008866,0.0004,0.000345
1825.5,1,1,0,1,0.0008892,0.0008892,0.0004,0.000345
1828.5,1,1,0,1,0.0008918,0.0008918,0.0004,0.000345
1831.5,1,1,0,1,0.0008944,0.0008944,0.0004,0.000345
1834.5,1,1,0,1,0.000897,0.000897,0.0004,0.000345
1837.6,1,1,0,1,0.0008996,0.0008996,0.0004,0.000345
1840.7,1,1,0,1,0.0009022,0.0009022,0.0004,0.000345
1843.7,1,1,0,1,0.0009048,0.0009048,0.0004,0.000345
1846.9,1,1,0,1,0.0009074,0.0009074,0.0004,0.000345
1850,1,1,0,1,0.00091,0.00091,0.0004,0.000345
1853.2,1,1,0,1,0.0009126,0.0009126,0.0004,0.000345
1856.3,1,1,0,1,0.0009152,0.0009152,0.0004,0.000345
1859.5,1,1,0,1,0.0009178,0.0009178,0.0004,0.000345
1862.8,1,1,0,1,0.0009204,0.0009204,0.0004,0.000345
1866,1,1,0,1,0.000923,0.000923,0.0004,0.000345
1869.2,1,1,0,1,0.0009256,0.0009256,0.0004,0.000345
1872.6,1,1,0,1,0.0009282,0.0009282,0.0004,0.000345
1875.9,1,1,0,1,0.0009308,0.0009308,0.0004,0.000345
1879.2,1,1,0,1,0.0009334,0.0009334,0.0004,0.000345
1882.5,1,1,0,1,0.000936,0.000936,0.0004,0.000345
1885.9,1,1,0,1,0.0009386,0.0009386,0.0004,0.000345
1889.3,1,1,0,1,0.0009412,0.0009412,0.0004,0.000345
1892.7,1,1,0,1,0.0009438,0.0009438,0.0004,0.000345
1896.2,1,1,0,1,0.0009464,0.0009464,0.0004,0.000345
1899.7,1,1,0,1,0.000949,0.000949,0.0004,0.000345
1903.2,1,1,0,1,0.0009516,0.0009516,0.0004,0.000345
1906.7,1,1,0,1,0.0009542,0.0009542,0.0004,0.000345
1910.3,1,1,0,1,0.0009568,0.0009568,0.0004,0.000345
1913.9,1,1,0,1,0.0009594,0.0009594,0.0004,0.000345
1917.5,1,1,0,1,0.000962,0.000962,0.0004,0.000345
1921.1,1,1,0,1,0.0009646,0.0009646,0.0004,0.000345
1924.8,1,1,0,1,0.0009672,0.0009672,0.0004,0.000345
1928.5,1,1,0,1,0.0009698,0.0009698,0.0004,0.000345
1932.2,1,1,0,1,0.0009724,0.0009724,0.0004,0.000345
1935.9,1,1,0,1,0.000975,0.000975,0.0004,0.000345
1939.7,1,1,0,1,0.0009776,0.0009776,0.0004,0.000345
1943.5,1,1,0,1,0.0009802,0.0009802,0.0004,0.000345
1947.3,1,1,0,1,0.0009828,0.0009828,0.0004,0.000345
1951.1,1,1,0,1,0.0009854,0.0009854,0.0004,0.000345
1955.1,1,1,0,1,0.000988,0.000988,0.0004,0.000345
1959,1,1,0,1,0.0009906,0.0009906,0.0004,0.000345
1962.9,1,1,0,1,0.0009932,0.0009932,0.0004,0.000345
1966.9,1,1,0,1,0.0009958,0.0009958,0.0004,0.000345
1970.9,1,1,0,1,0.0009984,0.0009984,0.0004,0.000345
1975,1,1,0,1,0.001001,0.001001,0.0004,0.000345
1979,1,1,0,1,0.0010036,0.0010036,0.0004,0.000345
1983.2,1,1,0,1,0.0010062,0.0010062,0.0004,0.000345
1987.3,1,1,0,1,0.0010088,0.0010088,0.0004,0.000345
1991.5,1,1,0,1,0.0010114,0.0010114,0.0004,0.000345
1995.7,1,1,0,1,0.001014,0.001014,0.0004,0.000345
1999.9,1,1,0,1,0.0010166,0.0010166,0.0004,0.000345
2004.2,1,1,0,1,0.0010192,0.0010192,0.0004,0.000345
2008.5,1,1,0,1,0.0010218,0.0010218,0.0004,0.000345
2012.8,1,1,0,1,0.0010244,0.0010244,0.0004,0.000345
2017.2,1,1,0,1,0.001027,0.001027,0.0004,0.000345
2021.7,1,1,0,1,0.0010296,0.0010296,0.0004,0.000345
2026.1,1,1,0,1,0.0010322,0.0010322,0.0004,0.000345
2030.5,1,1,0,1,0.0010348,0.0010348,0.0004,0.000345
2035.1,1,1,0,1,0.0010374,0.0010374,0.0004,0.000345
2039.6,1,1,0,1,0.00104,0.00104,0.0004,0.000345
2044.2,1,1,0,1,0.0010426,0.0010426,0.0004,0.000345
2048.8,1,1,0,1,0.0010452,0.0010452,0.0004,0.000345
2053.5,1,1,0,1,0.0010478,0.0010478,0.0004,0.000345
2058.2,1,1,0,1,0.0010504,0.0010504,0.0004,0.000345
2062.9,1,1,0,1,0.001053,0.001053,0.0004,0.000345
2067.6,1,1,0,1,0.0010556,0.0010556,0.0004,0.000345
2072.5,1,1,0,1,0.0010582,0.0010582,0.0004,0.000345
2077.3,1,1,0,1,0.0010608,0.0010608,0.0004,0.000345
2082.1,1,1,0,1,0.0010634,0.0010634,0.0004,0.000345
2087,1,1,0,1,0.001066,0.001066,0.0004,0.000345
2092,1,1,0,1,0.0010686,0.0010686,0.0004,0.000345
2097,1,1,0,1,0.0010712,0.0010712,0.0004,0.000345
2102,1,1,0,1,0.0010738,0.0010738,0.0004,0.000345
2107,1,1,0,1,0.0010764,0.0010764,0.0004,0.000345
2112.1,1,1,0,1,0.001079,0.001079,0.0004,0.000345
2117.3,1,1,0,1,0.0010816,0.0010816,0.0004,0.000345
2122.4,1,1,0,1,0.0010842,0.0010842,0.0004,0.000345
2127.6,1,1,0,1,0.0010868,0.0010868,0.0004,0.000345
2132.9,1,1,0,1,0.0010894,0.0010894,0.0004,0.000345
2138.2,1,1,0,1,0.001092,0.001092,0.0004,0.000345
2143.4,1,1,0,1,0.0010946,0.0010946,0.0004,0.000345
2148.8,1,1,0,1,0.0010972,0.0010972,0.0004,0.000345
2154.3,1,1,0,1,0.0010998,0.0010998,0.0004,0.000345
2159.7,1,1,0,1,0.0011024,0.0011024,0.0004,0.000345
2165.1,1,1,0,1,0.001105,0.001105,0.0004,0.000345
2170.7,1,1,0,1,0.0011076,0.0011076,0.0004,0.000345
2176.3,1,1,0,1,0.0011102,0.0011102,0.0004,0.000345
2181.8,1,1,0,1,0.0011128,0.0011128,0.0004,0.000345
2187.4,1,1,0,1,0.0011154,0.0011154,0.0004,0.000345
2193.2,1,1,0,1,0.001118,0.001118,0.0004,0.000345
2198.9,1,1,0,1,0.0011206,0.0011206,0.0004,0.000345
2204.7,1,1,0,1,0.0011232,0.0011232,0.0004,0.000345
2210.5,1,1,0,1,0.0011258,0.0011258,0.0004,0.000345
2216.4,1,1,0,1,0.0011284,0.0011284,0.0004,0.000345
2222.3,1,1,0,1,0.001131,0.001131,0.0004,0.000345
2228.2,1,1,0,1,0.0011336,0.0011336,0.0004,0.000345
2234.2,1,1,0,1,0.0011362,0.0011362,0.0004,0.000345
2240.2,1,1,0,1,0.0011388,0.0011388,0.0004,0.000345
2246.3,1,1,0,1,0.0011414,0.0011414,0.0004,0.000345
2252.4,1,1,0,1,0.001144,0.001144,0.0004,0.000345
2258.6,1,1,0,1,0.0011466,0.0011466,0.0004,0.000345
2264.9,1,1,0,1,0.0011492,0.0011492,0.0004,0.000345
2271.1,1,1,0,1,0.0011518,0.0011518,0.0004,0.000345
2277.4,1,1,0,1,0.0011544,0.0011544,0.0004,0.000345
2283.8,1,1,0,1,0.001157,0.001157,0.0004,0.000345
2290.2,1,1,0,1,0.0011596,0.0011596,0.0004,0.000345
2296.7,1,1,0,1,0.0011622,0.0011622,0.0004,0.000345
2303.1,1,1,0,1,0.0011648,0.0011648,0.0004,0.000345
2309.7,1,1,0,1,0.0011674,0.0011674,0.0004,0.000345
2316.4,1,1,0,1,0.00117,0.00117,0.0004,0.000345
2323,1,1,0,1,0.0011726,0.0011726,0.0004,0.000345
2329.7,1,1,0,1,0.0011752,0.0011752,0.0004,0.000345
2336.5,1,1,0,1,0.0011778,0.0011778,0.0004,0.000345
2343.4,1,1,0,1,0.0011804,0.0011804,0.0004,0.000345
2350.2,1,1,0,1,0.001183,0.001183,0.0004,0.000345
2357.1,1,1,0,1,0.0011856,0.0011856,0.0004,0.000345
2364.2,1,1,0,1,0.0011882,0.0011882,0.0004,0.000345
2371.3,1,1,0,1,0.0011908,0.0011908,0.0004,0.000345
2378.3,1,1,0,1,0.0011934,0.0011934,0.0004,0.000345
2385.5,1,1,0,1,0.001196,0.001196,0.0004,0.000345
2392.8,1,1,0,1,0.0011986,0.0011986,0.0004,0.000345
2400.1,1,1,0,1,0.0012012,0.0012012,0.0004,0.000345
2407.3,1,1,0,1,0.0012038,0.0012038,0.0004,0.000345
2414.8,1,1,0,1,0.0012064,0.0012064,0.0004,0.000345
2422.3,1,1,0,1,0.001209,0.001209,0.0004,0.000345
2429.8,1,1,0,1,0.0012116,0.0012116,0.0004,0.000345
2437.3,1,1,0,1,0.0012142,0.0012142,0.0004,0.000345
2445,1,1,0,1,0.0012168,0.0012168,0.0004,0.000345
2452.8,1,1,0,1,0.0012194,0.0012194,0.0004,0.000345
2460.6,1,1,0,1,0.001222,0.001222,0.0004,0.000345
2468.3,1,1,0,1,0.0012246,0.0012246,0.0004,0.000345
2476.3,1,1,0,1,0.0012272,0.0012272,0.0004,0.000345
2484.3,1,1,0,1,0.0012298,0.0012298,0.0004,0.000345
2492.4,1,1,0,1,0.0012324,0.0012324,0.0004,0.000345
2500.4,1,1,0,1,0.001235,0.001235,0.0004,0.000345
2508.7,1,1,0,1,0.0012376,0.0012376,0.0004,0.000345
2516.9,1,1,0,1,0.0012402,0.0012402,0.0004,0.000345
2525.2,1,1,0,1,0.0012428,0.0012428,0.0004,0.000345
2533.5,1,1,0,1,0.0012454,0.0012454,0.0004,0.000345
2542.1,1,1,0,1,0.001248,0.001248,0.0004,0.000345
2550.6,1,1,0,1,0.0012506,0.0012506,0.0004,0.000345
2559.2,1,1,0,1,0.0012532,0.0012532,0.0004,0.000345
2567.8,1,1,0,1,0.0012558,0.0012558,0.0004,0.000345
2576.6,1,1,0,1,0.0012584,0.0012584,0.0004,0.000345
2585.5,1,1,0,1,0.001261,0.001261,0.0004,0.000345
2594.3,1,1,0,1,0.0012636,0.0012636,0.0004,0.000345
2603.2,1,1,0,1,0.0012662,0.0012662,0.0004,0.000345
2612.3,1,1,0,1,0.0012688,0.0012688,0.0004,0.000345
2621.4,1,1,0,1,0.0012714,0.0012714,0.0004,0.000345
2630.6,1,1,0,1,0.001274,0.001274,0.0004,0.000345
2639.8,1,1,0,1,0.0012766,0.0012766,0.0004,0.000345
2649.2,1,1,0,1,0.0012792,0.0012792,0.0004,0.000345
2658.6,1,1,0,1,0.0012818,0.0012818,0.0004,0.000345
2668.1,1,1,0,1,0.0012844,0.0012844,0.0004,0.000345
2677.7,1,1,0,1,0.001287,0.001287,0.0004,0.000345
2687.4,1,1,0,1,0.0012896,0.0012896,0.0004,0.000345
2697.1,1,1,0,1,0.0012922,0.0012922,0.0004,0.000345
2706.8,1,1,0,1,0.0012948,0.0012948,0.0004,0.000345
2716.9,1,1,0,1,0.0012974,0.0012974,0.0004,0.000345
2726.9,1,1,0,1,0.0013,0.0013,0.0004,0.000345
2737,1,1,0,1,0.0013026,0.0013026,0.0004,0.000345
2747,1,1,0,1,0.0013052,0.0013052,0.0004,0.000345
2757.4,1,1,0,1,0.0013078,0.0013078,0.0004,0.000345
2767.8,1,1,0,1,0.0013104,0.0013104,0.0004,0.000345
2778.2,1,1,0,1,0.001313,0.001313,0.0004,0.000345
2788.7,1,1,0,1,0.0013156,0.0013156,0.0004,0.000345
2799.5,1,1,0,1,0.0013182,0.0013182,0.0004,0.000345
2810.3,1,1,0,1,0.0013208,0.0013208,0.0004,0.000345
2821.1,1,1,0,1,0.0013234,0.0013234,0.0004,0.000345
2832,1,1,0,1,0.001326,0.001326,0.0004,0.000345
2843.2,1,1,0,1,0.0013286,0.0013286,0.0004,0.000345
2854.4,1,1,0,1,0.0013312,0.0013312,0.0004,0.000345
2865.6,1,1,0,1,0.0013338,0.0013338,0.0004,0.000345
2877,1,1,0,1,0.0013364,0.0013364,0.0004,0.000345
2888.6,1,1,0,1,0.001339,0.001339,0.0004,0.000345
2900.3,1,1,0,1,0.0013416,0.0013416,0.0004,0.000345
2911.9,1,1,0,1,0.0013442,0.0013442,0.0004,0.000345
2923.9,1,1,0,1,0.0013468,0.0013468,0.0004,0.000345
2936,1,1,0,1,0.0013494,0.0013494,0.0004,0.000345
2948.1,1,1,0,1,0.001352,0.001352,0.0004,0.000345
2960.2,1,1,0,1,0.0013546,0.0013546,0.0004,0.000345
2972.8,1,1,0,1,0.0013572,0.0013572,0.0004,0.000345
2985.4,1,1,0,1,0.0013598,0.0013598,0.0004,0.000345
2998,1,1,0,1,0.0013624,0.0013624,0.0004,0.000345
3010.7,1,1,0,1,0.001365,0.001365,0.0004,0.000345
3023.9,1,1,0,1,0.0013676,0.0013676,0.0004,0.000345
3037.1,1,1,0,1,0.0013702,0.0013702,0.0004,0.000345
3050.3,1,1,0,1,0.0013728,0.0013728,0.0004,0.000345
3063.6,1,1,0,1,0.0013754,0.0013754,0.0004,0.000345
3077.4,1,1,0,1,0.001378,0.001378,0.0004,0.000345
3091.3,1,1,0,1,0.0013806,0.0013806,0.0004,0.000345
3105.1,1,1,0,1,0.0013832,0.0013832,0.0004,0.000345
3119.1,1,1,0,1,0.0013858,0.0013858,0.0004,0.000345
3133.6,1,1,0,1,0.0013884,0.0013884,0.0004,0.000345
3148.2,1,1,0,1,0.001391,0.001391,0.0004,0.000345
3162.7,1,1,0,1,0.0013936,0.0013936,0.0004,0.000345
3177.5,1,1,0,1,0.0013962,0.0013962,0.0004,0.000345
3192.8,1,1,0,1,0.0013988,0.0013988,0.0004,0.000345
3208,1,1,0,1,0.0014014,0.0014014,0.0004,0.000345
3223.2,1,1,0,1,0.001404,0.001404,0.0004,0.000345
3238.9,1,1,0,1,0.0014066,0.0014066,0.0004,0.000345
3254.9,1,1,0,1,0.0014092,0.0014092,0.0004,0.000345
3270.8,1,1,0,1,0.0014118,0.0014118,0.0004,0.000345
3286.8,1,1,0,1,0.0014144,0.0014144,0.0004,0.000345
3303.2,1,1,0,1,0.001417,0.001417,0.0004,0.000345
3319.8,1,1,0,1,0.0014196,0.0014196,0.0004,0.000345
3336.3,1,1,0,1,0.0014222,0.0014222,0.0004,0.000345
3352.9,1,1,0,1,0.0014248,0.0014248,0.0004,0.000345
3369.6,1,1,0,1,0.0014274,0.0014274,0.0004,0.000345
3386.4,1,1,0,1,0.00143,0.00143,0.0004,0.000345
3403.2,1,1,0,1,0.0014326,0.0014326,0.0004,0.000345
3419.9,1,1,0,1,0.0014352,0.0014352,0.0004,0.000345
3436,1,1,0,1,0.0014378,0.0014378,0.0004,0.000345
3452.1,1,1,0,1,0.0014404,0.0014404,0.0004,0.000345
3468.2,1,1,0,1,0.001443,0.001443,0.0004,0.000345
3483.7,1,1,0,1,0.0014456,0.0014456,0.0004,0.000345
3497.4,1,1,0,1,0.0014482,0.0014482,0.0004,0.000345
3511.2,1,1,0,1,0.0014508,0.0014508,0.0004,0.000345
3524.9,1,1,0,1,0.0014534,0.0014534,0.0004,0.000345
3536.7,1,1,0,1,0.001456,0.001456,0.0004,0.000345
3545.3,1,1,0,1,0.0014586,0.0014586,0.0004,0.000345
3553.9,1,1,0,1,0.0014612,0.0014612,0.0004,0.000345
3562.5,1,1,0,1,0.0014638,0.0014638,0.0004,0.000345
3566.2,1,1,0,1,0.0014664,0.0014664,0.0004,0.000345
3565.7,1,1,0,1,0.001469,0.001469,0.0004,0.000345
3565.3,1,1,0,1,0.0014716,0.0014716,0.0004,0.000345
3564.8,1,1,0,1,0.0014742,0.0014742,0.0004,0.000345
3554.7,1,1,0,1,0.0014768,0.0014768,0.0004,0.000345
3540.4,1,1,0,1,0.0014794,0.0014794,0.0004,0.000345
3526,1,1,0,1,0.001482,0.001482,0.0004,0.000345
3511.7,1,1,0,1,0.0014846,0.0014846,0.0004,0.000345
3481.6,1,1,0,1,0.0014872,0.0014872,0.0004,0.000345
3448.8,1,1,0,1,0.0014898,0.0014898,0.0004,0.000345
3415.9,1,1,0,1,0.0014924,0.0014924,0.0004,0.000345
3383.1,1,1,0,1,0.001495,0.001495,0.0004,0.000345
3328.7,1,1,0,1,0.0014976,0.0014976,0.0004,0.000345
3274.2,1,1,0,1,0.0015002,0.0015002,0.0004,0.000345
3219.8,1,1,0,1,0.0015028,0.0015028,0.0004,0.000345
3162.1,1,1,0,1,0.0015054,0.0015054,0.0004,0.000345
3086.2,1,1,0,1,0.001508,0.001508,0.0004,0.000345
3010.3,1,1,0,1,0.0015106,0.0015106,0.0004,0.000345
2934.4,1,1,0,1,0.0015132,0.0015132,0.0004,0.000345
2853.1,1,1,0,1,0.0015158,0.0015158,0.0004,0.000345
2759.6,1,1,0,1,0.0015184,0.0015184,0.0004,0.000345
2666.1,1,1,0,1,0.001521,0.001521,0.0004,0.000345
2572.7,1,1,0,1,0.0015236,0.0015236,0.0004,0.000345
2474.5,1,1,0,1,0.0015262,0.0015262,0.0004,0.000345
2370.9,1,1,0,1,0.0015288,0.0015288,0.0004,0.000345
2267.3,1,1,0,1,0.0015314,0.0015314,0.0004,0.000345
2163.6,1,1,0,1,0.001534,0.001534,0.0004,0.000345
2059.2,1,1,0,1,0.0015366,0.0015366,0.0004,0.000345
1954.3,1,1,0,1,0.0015392,0.0015392,0.0004,0.000345
1849.4,1,1,0,1,0.0015418,0.0015418,0.0004,0.000345
1744.5,1,1,0,1,0.0015444,0.0015444,0.0004,0.000345
1639.7,0.8,0.8,0,1,0.001547,0.001547,0.0004,0.000345
1535,0.54,0.54,0,1,0.0015496,0.0015496,0.0004,0.000345
1430.3,0.28001,0.28001,0,1,0.0015522,0.0015522,0.0004,0.000345
1325.6,0.020004,0.020004,0,1,0.0015548,0.0015548,0.0004,0.000345
1236.5,0,0,0,1,0.0015574,0.0015574,0.0004,0.000345
1148.6,0,0,0,1,0.00156,0.00156,0.0004,0.000345
1060.7,0,0,0,1,0.0015626,0.0015626,0.0004,0.000345
974.84,0,0,0,1,0.0015652,0.0015652,0.0004,0.000345
912.32,0,0,0,1,0.0015678,0.0015678,0.0004,0.000345
849.81,0,0,0,1,0.0015704,0.0015704,0.0004,0.000345
787.29,0,0,0,1,0.001573,0.001573,0.0004,0.000345
729.4,0,0,0,1,0.0015756,0.0015756,0.0004,0.000345
686.97,0,0,0,1,0.0015782,0.0015782,0.0004,0.000345
644.53,0,0,0,1,0.0015808,0.0015808,0.0004,0.000345
602.09,0,0,0,1,0.0015834,0.0015834,0.0004,0.000345
565.68,0,0,0,1,0.001586,0.001586,0.0004,0.000345
538.92,0,0,0,1,0.0015886,0.0015886,0.0004,0.000345
512.16,0,0,0,1,0.0015912,0.0015912,0.0004,0.000345
485.4,0,0,0,1,0.0015938,0.0015938,0.0004,0.000345
464.66,0,0,0,1,0.0015964,0.0015964,0.0004,0.000345
449.09,0,0,0,1,0.001599,0.001599,0.0004,0.000345
433.52,0,0,0,1,0.0016016,0.0016016,0.0004,0.000345
417.94,0,0,0,1,0.0016042,0.0016042,0.0004,0.000345
407.37,0,0,0,1,0.0016068,0.0016068,0.0004,0.000345
399.02,0,0,0,1,0.0016094,0.0016094,0.0004,0.000345
390.66,0,0,0,1,0.001612,0.001612,0.0004,0.000345
382.31,0,0,0,1,0.0016146,0.0016146,0.0004,0.000345
377.52,0,0,0,1,0.0016172,0.0016172,0.0004,0.000345
373.39,0,0,0,1,0.0016198,0.0016198,0.0004,0.000345
369.25,0,0,0,1,0.0016224,0.0016224,0.0004,0.000345
365.12,0,0,0,1,0.001625,0.001625,0.0004,0.000345
363.23,0,0,0,1,0.0016276,0.0016276,0.0004,0.000345
361.34,0,0,0,1,0.0016302,0.0016302,0.0004,0.000345
359.45,0,0,0,1,0.0016328,0.0016328,0.0004,0.000345
357.73,0,0,0,1,0.0016354,0.0016354,0.0004,0.000345
356.93,0,0,0,1,0.001638,0.001638,0.0004,0.000345
356.13,0,0,0,1,0.0016406,0.0016406,0.0004,0.000345
355.33,0,0,0,1,0.0016432,0.0016432,0.0004,0.000345
354.68,0,0,0,1,0.0016458,0.0016458,0.0004,0.000345
354.36,0,0,0,1,0.0016484,0.0016484,0.0004,0.000345
354.05,0,0,0,1,0.001651,0.001651,0.0004,0.000345
353.74,0,0,0,1,0.0016536,0.0016536,0.0004,0.000345
353.52,0,0,0,1,0.0016562,0.0016562,0.0004,0.000345
353.4,0,0,0,1,0.0016588,0.0016588,0.0004,0.000345
353.29,0,0,0,1,0.0016614,0.0016614,0.0004,0.000345
353.17,0,0,0,1,0.001664,0.001664,0.0004,0.000345
353.11,0,0,0,1,0.0016666,0.0016666,0.0004,0.000345
353.07,0,0,0,1,0.0016692,0.0016692,0.0004,0.000345
353.03,0,0,0,1,0.0016718,0.0016718,0.0004,0.000345
352.99,0,0,0,1,0.0016744,0.0016744,0.0004,0.000345
352.97,0,0,0,1,0.001677,0.001677,0.0004,0.000345
352.96,0,0,0,1,0.0016796,0.0016796,0.0004,0.000345
352.95,0,0,0,1,0.0016822,0.0016822,0.0004,0.000345
352.94,0,0,0,1,0.0016848,0.0016848,0.0004,0.000345
352.93,0,0,0,1,0.0016874,0.0016874,0.0004,0.000345
352.93,0,0,0,1,0.00169,0.00169,0.0004,0.000345
352.93,0,0,0,1,0.0016926,0.0016926,0.0004,0.000345
352.92,0,0,0,1,0.0016952,0.0016952,0.0004,0.000345
352.92,0,0,0,1,0.0016978,0.0016978,0.0004,0.000345
352.92,0,0,0,1,0.0017004,0.0017004,0.0004,0.000345
352.92,0,0,0,1,0.001703,0.001703,0.0004,0.000345
352.92,0,0,0,1,0.0017056,0.0017056,0.0004,0.000345
352.92,0,0,0,1,0.0017082,0.0017082,0.0004,0.000345
352.92,0,0,0,1,0.0017108,0.0017108,0.0004,0.000345
352.92,0,0,0,1,0.0017134,0.0017134,0.0004,0.000345
352.92,0,0,0,1,0.001716,0.001716,0.0004,0.000345
352.92,0,0,0,1,0.0017186,0.0017186,0.0004,0.000345
352.92,0,0,0,1,0.0017212,0.0017212,0.0004,0.000345
352.92,0,0,0,1,0.0017238,0.0017238,0.0004,0.000345
352.92,0,0,0,1,0.0017264,0.0017264,0.0004,0.000345
352.92,0,0,0,1,0.001729,0.001729,0.0004,0.000345
352.92,0,0,0,1,0.0017316,0.0017316,0.0004,0.000345
352.92,0,0,0,1,0.0017342,0.0017342,0.0004,0.000345
352.92,0,0,0,1,0.0017368,0.0017368,0.0004,0.000345
352.92,0,0,0,1,0.0017394,0.0017394,0.0004,0.000345
352.92,0,0,0,1,0.001742,0.001742,0.0004,0.000345
352.92,0,0,0,1,0.0017446,0.0017446,0.0004,0.000345
352.92,0,0,0,1,0.0017472,0.0017472,0.0004,0.000345
352.92,0,0,0,1,0.0017498,0.0017498,0.0004,0.000345
352.92,0,0,0,1,0.0017524,0.0017524,0.0004,0.000345
352.92,0,0,0,1,0.001755,0.001755,0.0004,0.000345
352.92,0,0,0,1,0.0017576,0.0017576,0.0004,0.000345
352.92,0,0,0,1,0.0017602,0.0017602,0.0004,0.000345
352.92,0,0,0,1,0.0017628,0.0017628,0.0004,0.000345
352.92,0,0,0,1,0.0017654,0.0017654,0.0004,0.000345
352.91,0,0,0,1,0.001768,0.001768,0.0004,0.000345
352.91,0,0,0,1,0.0017706,0.0017706,0.0004,0.000345
352.91,0,0,0,1,0.0017732,0.0017732,0.0004,0.000345
352.91,0,0,0,1,0.0017758,0.0017758,0.0004,0.000345
352.91,0,0,0,1,0.0017784,0.0017784,0.0004,0.000345
352.91,0,0,0,1,0.001781,0.001781,0.0004,0.000345
352.9,0,0,0,1,0.0017836,0.0017836,0.0004,0.000345
352.9,0,0,0,1,0.0017862,0.0017862,0.0004,0.000345
352.9,0,0,0,1,0.0017888,0.0017888,0.0004,0.000345
352.9,0,0,0,1,0.0017914,0.0017914,0.0004,0.000345
352.9,0,0,0,1,0.001794,0.001794,0.0004,0.000345
352.89,0,0,0,1,0.0017966,0.0017966,0.0004,0.000345
352.89,0,0,0,1,0.0017992,0.0017992,0.0004,0.000345
352.89,0,0,0,1,0.0018018,0.0018018,0.0004,0.000345
352.89,0,0,0,1,0.0018044,0.0018044,0.0004,0.000345
352.89,0,0,0,1,0.001807,0.001807,0.0004,0.000345
352.89,0,0,0,1,0.0018096,0.0018096,0.0004,0.000345
352.88,0,0,0,1,0.0018122,0.0018122,0.0004,0.000345
352.88,0,0,0,1,0.0018148,0.0018148,0.0004,0.000345
352.88,0,0,0,1,0.0018174,0.0018174,0.0004,0.000345
352.88,0,0,0,1,0.00182,0.00182,0.0004,0.000345
352.88,0,0,0,1,0.0018226,0.0018226,0.0004,0.000345
352.88,0,0,0,1,0.0018252,0.0018252,0.0004,0.000345
352.88,0,0,0,1,0.0018278,0.0018278,0.0004,0.000345
352.88,0,0,0,1,0.0018304,0.0018304,0.0004,0.000345
352.88,0,0,0,1,0.001833,0.001833,0.0004,0.000345
352.88,0,0,0,1,0.0018356,0.0018356,0.0004,0.000345
352.88,0,0,0,1,0.0018382,0.0018382,0.0004,0.000345
352.88,0,0,0,1,0.0018408,0.0018408,0.0004,0.000345
352.88,0,0,0,1,0.0018434,0.0018434,0.0004,0.000345
352.88,0,0,0,1,0.001846,0.001846,0.0004,0.000345
352.88,0,0,0,1,0.0018486,0.0018486,0.0004,0.000345
352.88,0,0,0,1,0.0018512,0.0018512,0.0004,0.000345
352.88,0,0,0,1,0.0018538,0.0018538,0.0004,0.000345
352.89,0,0,0,1,0.0018564,0.0018564,0.0004,0.000345
352.89,0,0,0,1,0.001859,0.001859,0.0004,0.000345
352.89,0,0,0,1,0.0018616,0.0018616,0.0004,0.000345
352.89,0,0,0,1,0.0018642,0.0018642,0.0004,0.000345
352.89,0,0,0,1,0.0018668,0.0018668,0.0004,0.000345
352.9,0,0,0,1,0.0018694,0.0018694,0.0004,0.000345
352.9,0,0,0,1,0.001872,0.001872,0.0004,0.000345
352.9,0,0,0,1,0.0018746,0.0018746,0.0004,0.000345
352.9,0,0,0,1,0.0018772,0.0018772,0.0004,0.000345
352.91,0,0,0,1,0.0018798,0.0018798,0.0004,0.000345
352.91,0,0,0,1,0.0018824,0.0018824,0.0004,0.000345
352.91,0,0,0,1,0.001885,0.001885,0.0004,0.000345
352.91,0,0,0,1,0.0018876,0.0018876,0.0004,0.000345
352.91,0,0,0,1,0.0018902,0.0018902,0.0004,0.000345
352.92,0,0,0,1,0.0018928,0.0018928,0.0004,0.000345
352.92,0,0,0,1,0.0018954,0.0018954,0.0004,0.000345
352.92,0,0,0,1,0.001898,0.001898,0.0004,0.000345
352.92,0,0,0,1,0.0019006,0.0019006,0.0004,0.000345
352.92,0,0,0,1,0.0019032,0.0019032,0.0004,0.000345
352.93,0,0,0,1,0.0019058,0.0019058,0.0004,0.000345
352.93,0,0,0,1,0.0019084,0.0019084,0.0004,0.000345
352.93,0,0,0,1,0.001911,0.001911,0.0004,0.000345
352.93,0,0,0,1,0.0019136,0.0019136,0.0004,0.000345
352.93,0,0,0,1,0.0019162,0.0019162,0.0004,0.000345
352.93,0,0,0,1,0.0019188,0.0019188,0.0004,0.000345
352.93,0,0,0,1,0.0019214,0.0019214,0.0004,0.000345
352.93,0,0,0,1,0.001924,0.001924,0.0004,0.000345
352.93,0,0,0,1,0.0019266,0.0019266,0.0004,0.000345
352.93,0,0,0,1,0.0019292,0.0019292,0.0004,0.000345
352.93,0,0,0,1,0.0019318,0.0019318,0.0004,0.000345
352.93,0,0,0,1,0.0019344,0.0019344,0.0004,0.000345
352.93,0,0,0,1,0.001937,0.001937,0.0004,0.000345
352.93,0,0,0,1,0.0019396,0.0019396,0.0004,0.000345
352.92,0,0,0,1,0.0019422,0.0019422,0.0004,0.000345
352.92,0,0,0,1,0.0019448,0.0019448,0.0004,0.000345
352.92,0,0,0,1,0.0019474,0.0019474,0.0004,0.000345
352.92,0,0,0,1,0.00195,0.00195,0.0004,0.000345
352.92,0,0,0,1,0.0019526,0.0019526,0.0004,0.000345
352.92,0,0,0,1,0.0019552,0.0019552,0.0004,0.000345
352.92,0,0,0,1,0.0019578,0.0019578,0.0004,0.000345
352.92,0,0,0,1,0.0019604,0.0019604,0.0004,0.000345
352.92,0,0,0,1,0.001963,0.001963,0.0004,0.000345
352.92,0,0,0,1,0.0019656,0.0019656,0.0004,0.000345
352.92,0,0,0,1,0.0019682,0.0019682,0.0004,0.000345
352.93,0,0,0,1,0.0019708,0.0019708,0.0004,0.000345
352.93,0,0,0,1,0.0019734,0.0019734,0.0004,0.000345
352.93,0,0,0,1,0.001976,0.001976,0.0004,0.000345
352.93,0,0,0,1,0.0019786,0.0019786,0.0004,0.000345
352.93,0,0,0,1,0.0019812,0.0019812,0.0004,0.000345
352.93,0,0,0,1,0.0019838,0.0019838,0.0004,0.000345
352.93,0,0,0,1,0.0019864,0.0019864,0.0004,0.000345
352.93,0,0,0,1,0.001989,0.001989,0.0004,0.000345
352.93,0,0,0,1,0.0019916,0.0019916,0.0004,0.000345
352.93,0,0,0,1,0.0019942,0.0019942,0.0004,0.000345
352.93,0,0,0,1,0.0019968,0.0019968,0.0004,0.000345
352.93,0,0,0,1,0.0019994,0.0019994,0.0004,0.000345
352.94,0,0,0,1,0.002002,0.002002,0.0004,0.000345
352.94,0,0,0,1,0.0020046,0.0020046,0.0004,0.000345
352.94,0,0,0,1,0.0020072,0.0020072,0.0004,0.000345
352.94,0,0,0,1,0.0020098,0.0020098,0.0004,0.000345
352.94,0,0,0,1,0.0020124,0.0020124,0.0004,0.000345
352.94,0,0,0,1,0.002015,0.002015,0.0004,0.000345
352.94,0,0,0,1,0.0020176,0.0020176,0.0004,0.000345
352.94,0,0,0,1,0.0020202,0.0020202,0.0004,0.000345
352.94,0,0,0,1,0.0020228,0.0020228,0.0004,0.000345
352.94,0,0,0,1,0.0020254,0.0020254,0.0004,0.000345
352.94,0,0,0,1,0.002028,0.002028,0.0004,0.000345
352.94,0,0,0,1,0.0020306,0.0020306,0.0004,0.000345
352.94,0,0,0,1,0.0020332,0.0020332,0.0004,0.000345
352.94,0,0,0,1,0.0020358,0.0020358,0.0004,0.000345
352.94,0,0,0,1,0.0020384,0.0020384,0.0004,0.000345
352.94,0,0,0,1,0.002041,0.002041,0.0004,0.000345
352.94,0,0,0,1,0.0020436,0.0020436,0.0004,0.000345
352.94,0,0,0,1,0.0020462,0.0020462,0.0004,0.000345
352.94,0,0,0,1,0.0020488,0.0020488,0.0004,0.000345
352.94,0,0,0,1,0.0020514,0.0020514,0.0004,0.000345
352.94,0,0,0,1,0.002054,0.002054,0.0004,0.000345
352.93,0,0,0,1,0.0020566,0.0020566,0.0004,0.000345
352.93,0,0,0,1,0.0020592,0.0020592,0.0004,0.000345
352.93,0,0,0,1,0.0020618,0.0020618,0.0004,0.000345
352.93,0,0,0,1,0.0020644,0.0020644,0.0004,0.000345
352.93,0,0,0,1,0.002067,0.002067,0.0004,0.000345
352.93,0,0,0,1,0.0020696,0.0020696,0.0004,0.000345
352.93,0,0,0,1,0.0020722,0.0020722,0.0004,0.000345
352.93,0,0,0,1,0.0020748,0.0020748,0.0004,0.000345
352.93,0,0,0,1,0.0020774,0.0020774,0.0004,0.000345
352.93,0,0,0,1,0.00208,0.00208,0.0004,0.000345
352.93,0,0,0,1,0.0020826,0.0020826,0.0004,0.000345
352.93,0,0,0,1,0.0020852,0.0020852,0.0004,0.000345
352.93,0,0,0,1,0.0020878,0.0020878,0.0004,0.000345
352.93,0,0,0,1,0.0020904,0.0020904,0.0004,0.000345
352.92,0,0,0,1,0.002093,0.002093,0.0004,0.000345
352.92,0,0,0,1,0.0020956,0.0020956,0.0004,0.000345
352.92,0,0,0,1,0.0020982,0.0020982,0.0004,0.000345
352.92,0,0,0,1,0.0021008,0.0021008,0.0004,0.000345
352.92,0,0,0,1,0.0021034,0.0021034,0.0004,0.000345
352.92,0,0,0,1,0.002106,0.002106,0.0004,0.000345
352.91,0,0,0,1,0.0021086,0.0021086,0.0004,0.000345
352.91,0,0,0,1,0.0021112,0.0021112,0.0004,0.000345
352.91,0,0,0,1,0.0021138,0.0021138,0.0004,0.000345
352.91,0,0,0,1,0.0021164,0.0021164,0.0004,0.000345
352.9,0,0,0,1,0.002119,0.002119,0.0004,0.000345
352.9,0,0,0,1,0.0021216,0.0021216,0.0004,0.000345
352.9,0,0,0,1,0.0021242,0.0021242,0.0004,0.000345
352.89,0,0,0,1,0.0021268,0.0021268,0.0004,0.000345
352.89,0,0,0,1,0.0021294,0.0021294,0.0004,0.000345
352.89,0,0,0,1,0.002132,0.002132,0.0004,0.000345
352.89,0,0,0,1,0.0021346,0.0021346,0.0004,0.000345
352.88,0,0,0,1,0.0021372,0.0021372,0.0004,0.000345
352.88,0,0,0,1,0.0021398,0.0021398,0.0004,0.000345
352.88,0,0,0,1,0.0021424,0.0021424,0.0004,0.000345
352.88,0,0,0,1,0.002145,0.002145,0.0004,0.000345
352.88,0,0,0,1,0.0021476,0.0021476,0.0004,0.000345
352.88,0,0,0,1,0.0021502,0.0021502,0.0004,0.000345
352.87,0,0,0,1,0.0021528,0.0021528,0.0004,0.000345
352.87,0,0,0,1,0.0021554,0.0021554,0.0004,0.000345
352.87,0,0,0,1,0.002158,0.002158,0.0004,0.000345
352.87,0,0,0,1,0.0021606,0.0021606,0.0004,0.000345
352.87,0,0,0,1,0.0021632,0.0021632,0.0004,0.000345
352.88,0,0,0,1,0.0021658,0.0021658,0.0004,0.000345
352.88,0,0,0,1,0.0021684,0.0021684,0.0004,0.000345
352.88,0,0,0,1,0.002171,0.002171,0.0004,0.000345
352.88,0,0,0,1,0.0021736,0.0021736,0.0004,0.000345
352.88,0,0,0,1,0.0021762,0.0021762,0.0004,0.000345
352.88,0,0,0,1,0.0021788,0.0021788,0.0004,0.000345
352.88,0,0,0,1,0.0021814,0.0021814,0.0004,0.000345
352.89,0,0,0,1,0.002184,0.002184,0.0004,0.000345
352.89,0,0,0,1,0.0021866,0.0021866,0.0004,0.000345
352.89,0,0,0,1,0.0021892,0.0021892,0.0004,0.000345
352.89,0,0,0,1,0.0021918,0.0021918,0.0004,0.000345
352.9,0,0,0,1,0.0021944,0.0021944,0.0004,0.000345
352.9,0,0,0,1,0.002197,0.002197,0.0004,0.000345
352.9,0,0,0,1,0.0021996,0.0021996,0.0004,0.000345
352.9,0,0,0,1,0.0022022,0.0022022,0.0004,0.000345
352.9,0,0,0,1,0.0022048,0.0022048,0.0004,0.000345
352.91,0,0,0,1,0.0022074,0.0022074,0.0004,0.000345
352.91,0,0,0,1,0.00221,0.00221,0.0004,0.000345
352.91,0,0,0,1,0.0022126,0.0022126,0.0004,0.000345
352.91,0,0,0,1,0.0022152,0.0022152,0.0004,0.000345
352.91,0,0,0,1,0.0022178,0.0022178,0.0004,0.000345
352.92,0,0,0,1,0.0022204,0.0022204,0.0004,0.000345
352.92,0,0,0,1,0.002223,0.002223,0.0004,0.000345
352.92,0,0,0,1,0.0022256,0.0022256,0.0004,0.000345
352.92,0,0,0,1,0.0022282,0.0022282,0.0004,0.000345
352.92,0,0,0,1,0.0022308,0.0022308,0.0004,0.000345
352.93,0,0,0,1,0.0022334,0.0022334,0.0004,0.000345
352.93,0,0,0,1,0.002236,0.002236,0.0004,0.000345
352.93,0,0,0,1,0.0022386,0.0022386,0.0004,0.000345
352.93,0,0,0,1,0.0022412,0.0022412,0.0004,0.000345
352.93,0,0,0,1,0.0022438,0.0022438,0.0004,0.000345
352.93,0,0,0,1,0.0022464,0.0022464,0.0004,0.000345
352.93,0,0,0,1,0.002249,0.002249,0.0004,0.000345
352.94,0,0,0,1,0.0022516,0.0022516,0.0004,0.000345
352.94,0,0,0,1,0.0022542,0.0022542,0.0004,0.000345
352.94,0,0,0,1,0.0022568,0.0022568,0.0004,0.000345
352.94,0,0,0,1,0.0022594,0.0022594,0.0004,0.000345
352.94,0,0,0,1,0.002262,0.002262,0.0004,0.000345
352.94,0,0,0,1,0.0022646,0.0022646,0.0004,0.000345
352.94,0,0,0,1,0.0022672,0.0022672,0.0004,0.000345
352.94,0,0,0,1,0.0022698,0.0022698,0.0004,0.000345
352.94,0,0,0,1,0.0022724,0.0022724,0.0004,0.000345
352.94,0,0,0,1,0.002275,0.002275,0.0004,0.000345
352.94,0,0,0,1,0.0022776,0.0022776,0.0004,0.000345
352.94,0,0,0,1,0.0022802,0.0022802,0.0004,0.000345
352.94,0,0,0,1,0.0022828,0.0022828,0.0004,0.000345
352.94,0,0,0,1,0.0022854,0.0022854,0.0004,0.000345
352.94,0,0,0,1,0.002288,0.002288,0.0004,0.000345
352.94,0,0,0,1,0.0022906,0.0022906,0.0004,0.000345
352.94,0,0,0,1,0.0022932,0.0022932,0.0004,0.000345
352.94,0,0,0,1,0.0022958,0.0022958,0.0004,0.000345
352.94,0,0,0,1,0.0022984,0.0022984,0.0004,0.000345
352.94,0,0,0,1,0.002301,0.002301,0.0004,0.000345
352.94,0,0,0,1,0.0023036,0.0023036,0.0004,0.000345
352.94,0,0,0,1,0.0023062,0.0023062,0.0004,0.000345
352.94,0,0,0,1,0.0023088,0.0023088,0.0004,0.000345
352.94,0,0,0,1,0.0023114,0.0023114,0.0004,0.000345
352.94,0,0,0,1,0.002314,0.002314,0.0004,0.000345
352.94,0,0,0,1,0.0023166,0.0023166,0.0004,0.000345
352.94,0,0,0,1,0.0023192,0.0023192,0.0004,0.000345
352.94,0,0,0,1,0.0023218,0.0023218,0.0004,0.000345
352.94,0,0,0,1,0.0023244,0.0023244,0.0004,0.000345
352.94,0,0,0,1,0.002327,0.002327,0.0004,0.000345
352.94,0,0,0,1,0.0023296,0.0023296,0.0004,0.000345
352.94,0,0,0,1,0.0023322,0.0023322,0.0004,0.000345
352.94,0,0,0,1,0.0023348,0.0023348,0.0004,0.000345
352.94,0,0,0,1,0.0023374,0.0023374,0.0004,0.000345
352.94,0,0,0,1,0.00234,0.00234,0.0004,0.000345
352.94,0,0,0,1,0.0023426,0.0023426,0.0004,0.000345
352.94,0,0,0,1,0.0023452,0.0023452,0.0004,0.000345
352.94,0,0,0,1,0.0023478,0.0023478,0.0004,0.000345
352.94,0,0,0,1,0.0023504,0.0023504,0.0004,0.000345
352.94,0,0,0,1,0.002353,0.002353,0.0004,0.000345
352.94,0,0,0,1,0.0023556,0.0023556,0.0004,0.000345
352.94,0,0,0,1,0.0023582,0.0023582,0.0004,0.000345
352.94,0,0,0,1,0.0023608,0.0023608,0.0004,0.000345
352.94,0,0,0,1,0.0023634,0.0023634,0.0004,0.000345
352.94,0,0,0,1,0.002366,0.002366,0.0004,0.000345
352.94,0,0,0,1,0.0023686,0.0023686,0.0004,0.000345
352.94,0,0,0,1,0.0023712,0.0023712,0.0004,0.000345
352.94,0,0,0,1,0.0023738,0.0023738,0.0004,0.000345
352.93,0,0,0,1,0.0023764,0.0023764,0.0004,0.000345
352.93,0,0,0,1,0.002379,0.002379,0.0004,0.000345
352.93,0,0,0,1,0.0023816,0.0023816,0.0004,0.000345
352.93,0,0,0,1,0.0023842,0.0023842,0.0004,0.000345
352.93,0,0,0,1,0.0023868,0.0023868,0.0004,0.000345
352.93,0,0,0,1,0.0023894,0.0023894,0.0004,0.000345
352.93,0,0,0,1,0.002392,0.002392,0.0004,0.000345
352.93,0,0,0,1,0.0023946,0.0023946,0.0004,0.000345
352.93,0,0,0,1,0.0023972,0.0023972,0.0004,0.000345
352.92,0,0,0,1,0.0023998,0.0023998,0.0004,0.000345
352.92,0,0,0,1,0.0024024,0.0024024,0.0004,0.000345
352.92,0,0,0,1,0.002405,0.002405,0.0004,0.000345
352.92,0,0,0,1,0.0024076,0.0024076,0.0004,0.000345
352.92,0,0,0,1,0.0024102,0.0024102,0.0004,0.000345
352.92,0,0,0,1,0.0024128,0.0024128,0.0004,0.000345
352.92,0,0,0,1,0.0024154,0.0024154,0.0004,0.000345
352.92,0,0,0,1,0.002418,0.002418,0.0004,0.000345
352.92,0,0,0,1,0.0024206,0.0024206,0.0004,0.000345
352.92,0,0,0,1,0.0024232,0.0024232,0.0004,0.000345
352.91,0,0,0,1,0.0024258,0.0024258,0.0004,0.000345
352.91,0,0,0,1,0.0024284,0.0024284,0.0004,0.000345
352.91,0,0,0,1,0.002431,0.002431,0.0004,0.000345
352.91,0,0,0,1,0.0024336,0.0024336,0.0004,0.000345
352.91,0,0,0,1,0.0024362,0.0024362,0.0004,0.000345
352.91,0,0,0,1,0.0024388,0.0024388,0.0004,0.000345
352.91,0,0,0,1,0.0024414,0.0024414,0.0004,0.000345
352.91,0,0,0,1,0.002444,0.002444,0.0004,0.000345
352.91,0,0,0,1,0.0024466,0.0024466,0.0004,0.000345
352.91,0,0,0,1,0.0024492,0.0024492,0.0004,0.000345
352.91,0,0,0,1,0.0024518,0.0024518,0.0004,0.000345
352.91,0,0,0,1,0.0024544,0.0024544,0.0004,0.000345
352.91,0,0,0,1,0.002457,0.002457,0.0004,0.000345
352.91,0,0,0,1,0.0024596,0.0024596,0.0004,0.000345
352.91,0,0,0,1,0.0024622,0.0024622,0.0004,0.000345
352.91,0,0,0,1,0.0024648,0.0024648,0.0004,0.000345
352.91,0,0,0,1,0.0024674,0.0024674,0.0004,0.000345
352.91,0,0,0,1,0.00247,0.00247,0.0004,0.000345
352.91,0,0,0,1,0.0024726,0.0024726,0.0004,0.000345
352.91,0,0,0,1,0.0024752,0.0024752,0.0004,0.000345
352.91,0,0,0,1,0.0024778,0.0024778,0.0004,0.000345
352.91,0,0,0,1,0.0024804,0.0024804,0.0004,0.000345
352.91,0,0,0,1,0.002483,0.002483,0.0004,0.000345
352.91,0,0,0,1,0.0024856,0.0024856,0.0004,0.000345
352.91,0,0,0,1,0.0024882,0.0024882,0.0004,0.000345
352.91,0,0,0,1,0.0024908,0.0024908,0.0004,0.000345
352.91,0,0,0,1,0.0024934,0.0024934,0.0004,0.000345
352.91,0,0,0,1,0.002496,0.002496,0.0004,0.000345
352.91,0,0,0,1,0.0024986,0.0024986,0.0004,0.000345
352.91,0,0,0,1,0.0025012,0.0025012,0.0004,0.000345
352.91,0,0,0,1,0.0025038,0.0025038,0.0004,0.000345
352.91,0,0,0,1,0.0025064,0.0025064,0.0004,0.000345
352.91,0,0,0,1,0.002509,0.002509,0.0004,0.000345
352.91,0,0,0,1,0.0025116,0.0025116,0.0004,0.000345
352.91,0,0,0,1,0.0025142,0.0025142,0.0004,0.000345
352.91,0,0,0,1,0.0025168,0.0025168,0.0004,0.000345
352.91,0,0,0,1,0.0025194,0.0025194,0.0004,0.000345
352.9,0,0,0,1,0.002522,0.002522,0.0004,0.000345
352.9,0,0,0,1,0.0025246,0.0025246,0.0004,0.000345
352.9,0,0,0,1,0.0025272,0.0025272,0.0004,0.000345
352.9,0,0,0,1,0.0025298,0.0025298,0.0004,0.000345
352.9,0,0,0,1,0.0025324,0.0025324,0.0004,0.000345
352.9,0,0,0,1,0.002535,0.002535,0.0004,0.000345
352.9,0,0,0,1,0.0025376,0.0025376,0.0004,0.000345
352.9,0,0,0,1,0.0025402,0.0025402,0.0004,0.000345
352.9,0,0,0,1,0.0025428,0.0025428,0.0004,0.000345
352.9,0,0,0,1,0.0025454,0.0025454,0.0004,0.000345
352.9,0,0,0,1,0.002548,0.002548,0.0004,0.000345
352.9,0,0,0,1,0.0025506,0.0025506,0.0004,0.000345
352.9,0,0,0,1,0.0025532,0.0025532,0.0004,0.000345
352.9,0,0,0,1,0.0025558,0.0025558,0.0004,0.000345
352.9,0,0,0,1,0.0025584,0.0025584,0.0004,0.000345
352.9,0,0,0,1,0.002561,0.002561,0.0004,0.000345
352.9,0,0,0,1,0.0025636,0.0025636,0.0004,0.000345
352.9,0,0,0,1,0.0025662,0.0025662,0.0004,0.000345
352.9,0,0,0,1,0.0025688,0.0025688,0.0004,0.000345
352.9,0,0,0,1,0.0025714,0.0025714,0.0004,0.000345
352.9,0,0,0,1,0.002574,0.002574,0.0004,0.000345
352.9,0,0,0,1,0.0025766,0.0025766,0.0004,0.000345
352.9,0,0,0,1,0.0025792,0.0025792,0.0004,0.000345
352.89,0,0,0,1,0.0025818,0.0025818,0.0004,0.000345
352.89,0,0,0,1,0.0025844,0.0025844,0.0004,0.000345
352.89,0,0,0,1,0.002587,0.002587,0.0004,0.000345
352.89,0,0,0,1,0.0025896,0.0025896,0.0004,0.000345
352.89,0,0,0,1,0.0025922,0.0025922,0.0004,0.000345
352.89,0,0,0,1,0.0025948,0.0025948,0.0004,0.000345
352.89,0,0,0,1,0.0025974,0.0025974,0.0004,0.000345
nan,nan,nan,0,0,0.0026,0.0026,0.0004,0.000345
